日期,外資買賣超,投信買賣超,自營商買賣超,單日合計買賣超,外資估計持股,投信估計持股,自營商估計持股,單日合計估計持股,外資持股比重,三大法人持股比重,
107/03/31,0,0,0,0,10634,6,145,10785,5.69%,5.77%,
107/03/30,-88,0,0,-88,10634,6,145,10785,5.69%,5.77%,
107/03/29,10,0,0,10,10712,6,145,10863,5.73%,5.81%,
107/03/28,15,0,0,15,10702,6,145,10853,5.73%,5.81%,
107/03/27,-30,0,1,-29,10687,6,145,10838,5.72%,5.80%,
107/03/26,-140,0,0,-140,10717,6,144,10867,5.74%,5.82%,
107/03/23,-194,0,3,-191,10857,6,144,11007,5.81%,5.89%,
107/03/22,-364,0,58,-306,11051,6,141,11198,5.92%,6.00%,
107/03/21,69,0,0,69,11415,6,83,11504,6.11%,6.16%,
107/03/20,10,0,-1,9,11336,6,83,11425,6.07%,6.12%,
107/03/19,14,0,-6,8,11326,6,84,11416,6.06%,6.11%,
107/03/16,75,0,0,75,11312,6,90,11408,6.05%,6.10%,
107/03/15,60,0,6,66,11237,6,90,11333,6.01%,6.06%,
107/03/14,52,0,0,52,11177,6,84,11267,5.98%,6.03%,
107/03/13,33,0,0,33,11125,6,84,11215,5.95%,6.00%,
107/03/12,-2,0,3,1,11092,6,84,11182,5.94%,5.99%,
107/03/09,-40,0,1,-39,11094,6,81,11181,5.94%,5.99%,
107/03/08,50,0,-1,49,11204,6,80,11290,6.00%,6.05%,
107/03/07,26,0,1,27,11154,6,81,11241,5.97%,6.02%,
107/03/06,33,0,0,33,11128,6,80,11214,5.96%,6.01%,
107/03/05,-87,0,1,-86,11095,6,80,11181,5.94%,5.99%,
107/03/02,-24,0,3,-21,11182,6,79,11267,5.99%,6.04%,
107/03/01,50,0,-1,49,11202,6,76,11284,6.00%,6.04%,
107/02/27,70,0,-3,67,11152,6,77,11235,5.97%,6.01%,
107/02/26,-68,0,-2,-70,11082,6,80,11168,5.93%,5.98%,
107/02/23,-2,0,-1,-3,11150,6,82,11238,5.97%,6.02%,
107/02/22,-24,0,19,-5,11152,6,83,11241,5.97%,6.02%,
107/02/21,-45,0,4,-41,11176,6,64,11246,5.98%,6.02%,
107/02/12,-198,0,-15,-213,11221,6,60,11287,6.01%,6.05%,
107/02/09,182,0,0,182,11415,6,75,11496,6.11%,6.15%,
107/02/08,-4,0,1,-3,11233,6,75,11314,6.01%,6.05%,
107/02/07,-127,0,4,-123,11237,6,74,11317,6.01%,6.05%,
107/02/06,43,0,-6,37,11361,6,70,11437,6.08%,6.12%,
107/02/05,9,0,-27,-18,11318,6,76,11400,6.06%,6.10%,
107/02/02,-50,0,-1,-51,11309,6,103,11418,6.05%,6.11%,
107/02/01,9,0,0,9,11359,6,104,11469,6.08%,6.14%,
107/01/31,0,0,1,1,11350,6,104,11460,6.08%,6.14%,
107/01/30,48,0,-1,47,11350,6,103,11459,6.08%,6.14%,
107/01/29,-55,0,0,-55,11302,6,104,11412,6.05%,6.11%,
107/01/26,1,0,1,2,11357,6,104,11467,6.08%,6.14%,
107/01/25,-3,0,0,-3,11356,6,103,11465,6.08%,6.14%,
107/01/24,247,0,-1,246,11359,6,103,11468,6.08%,6.14%,
107/01/23,-35,0,3,-32,11112,6,104,11222,5.95%,6.01%,
107/01/22,20,0,2,22,11147,6,101,11254,5.97%,6.03%,
107/01/19,-43,0,5,-38,11127,6,99,11232,5.96%,6.02%,
107/01/18,-267,0,1,-266,11170,6,94,11270,5.98%,6.03%,
107/01/17,-22,0,5,-17,11587,6,93,11686,6.20%,6.25%,
107/01/16,48,0,7,55,11609,6,88,11703,6.21%,6.26%,
107/01/15,-273,0,17,-256,11561,6,81,11648,6.19%,6.24%,
107/01/12,-1054,0,0,-1054,11834,6,64,11904,6.33%,6.37%,
107/01/11,48,0,2,50,12888,6,64,12958,6.90%,6.94%,
107/01/10,-79,0,0,-79,12840,6,62,12908,6.87%,6.91%,
107/01/09,-47,0,-1,-48,12919,6,62,12987,6.92%,6.96%,
107/01/08,-20,0,1,-19,12966,6,63,13035,6.94%,6.98%,
107/01/05,-37,0,-1,-38,12986,6,62,13054,6.95%,6.99%,
107/01/04,140,0,-3,137,13023,6,63,13092,6.97%,7.01%,
107/01/03,386,0,-5,381,12883,6,66,12955,6.90%,6.94%,
107/01/02,147,0,0,147,12497,6,71,12574,6.69%,6.73%,
106/12/29,74,0,2,76,12350,6,71,12427,6.61%,6.65%,
106/12/28,101,5,0,106,12276,5,69,12350,6.57%,6.61%,
106/12/27,121,0,-2,119,12175,0,69,12244,6.52%,6.56%,
106/12/26,1,0,1,2,12054,0,71,12125,6.45%,6.49%,
106/12/25,115,0,1,116,12053,0,70,12123,6.45%,6.49%,
106/12/22,108,0,0,108,11938,0,69,12007,6.39%,6.43%,
106/12/21,101,0,0,101,11830,0,69,11899,6.33%,6.37%,
106/12/20,25,0,0,25,11729,0,69,11798,6.28%,6.32%,
106/12/19,61,0,0,61,11704,0,69,11773,6.26%,6.30%,
106/12/18,50,0,-18,32,11643,0,69,11712,6.23%,6.27%,
106/12/15,136,0,0,136,11593,0,87,11680,6.21%,6.26%,
106/12/14,16,0,0,16,11457,0,87,11544,6.13%,6.18%,
106/12/13,78,0,-5,73,11441,0,87,11528,6.12%,6.17%,
106/12/12,-77,0,-1,-78,11376,0,92,11468,6.09%,6.14%,
106/12/11,75,0,-4,71,11453,0,93,11546,6.13%,6.18%,
106/12/08,-63,0,0,-63,11378,0,97,11475,6.09%,6.14%,
106/12/07,101,0,22,123,11481,0,97,11578,6.15%,6.20%,
106/12/06,-82,0,6,-76,11380,0,75,11455,6.09%,6.13%,
106/12/05,-247,0,0,-247,11462,0,69,11531,6.14%,6.18%,
106/12/04,-196,0,0,-196,11709,0,69,11778,6.27%,6.31%,
106/12/01,-432,0,0,-432,11915,0,69,11984,6.38%,6.42%,
106/11/30,-332,0,1,-331,12310,0,69,12379,6.59%,6.63%,
106/11/29,-78,0,0,-78,12642,0,68,12710,6.77%,6.81%,
106/11/28,163,0,0,163,12720,0,68,12788,6.81%,6.85%,
106/11/27,-27,0,-27,-54,12557,0,68,12625,6.72%,6.76%,
106/11/24,202,0,-13,189,12584,0,95,12679,6.74%,6.79%,
106/11/23,-134,0,43,-91,12382,0,108,12490,6.63%,6.69%,
106/11/22,135,0,-3,132,12652,0,65,12717,6.77%,6.80%,
106/11/21,333,0,-8,325,12517,0,68,12585,6.70%,6.74%,
106/11/20,-38,0,0,-38,12184,0,76,12260,6.52%,6.56%,
106/11/17,-32,0,9,-23,12222,0,76,12298,6.54%,6.58%,
106/11/16,26,0,0,26,12254,0,67,12321,6.56%,6.60%,
106/11/15,-168,0,1,-167,12228,0,67,12295,6.55%,6.59%,
106/11/14,-220,0,0,-220,12396,0,66,12462,6.64%,6.68%,
106/11/13,-279,0,1,-278,12616,0,66,12682,6.75%,6.79%,
106/11/10,154,0,0,154,12895,0,65,12960,6.90%,6.93%,
106/11/09,-247,0,4,-243,12741,0,65,12806,6.82%,6.85%,
106/11/08,-783,0,2,-781,12968,0,61,13029,6.94%,6.97%,
106/11/07,735,0,-2,733,13751,0,59,13810,7.36%,7.39%,
106/11/06,842,0,-2,840,12996,0,61,13057,6.96%,6.99%,
106/11/03,132,0,-7,125,11954,0,63,12017,6.40%,6.43%,
106/11/02,-4,0,-13,-17,11822,0,70,11892,6.33%,6.37%,
106/11/01,449,0,18,467,11826,0,83,11909,6.33%,6.37%,
106/10/31,176,0,-2,174,11377,0,65,11442,6.09%,6.12%,
106/10/30,309,0,-1,308,11201,0,67,11268,6.00%,6.04%,
106/10/27,3,0,-2,1,10892,0,68,10960,5.83%,5.87%,
106/10/26,-74,0,-23,-97,10874,0,70,10944,5.82%,5.86%,
106/10/25,119,0,23,142,10898,0,93,10991,5.83%,5.88%,
106/10/24,234,0,4,238,10779,0,70,10849,5.77%,5.81%,
106/10/23,526,0,2,528,10484,0,66,10550,5.61%,5.65%,
106/10/20,121,0,-5,116,9958,0,64,10022,5.33%,5.36%,
106/10/19,-125,0,-7,-132,9837,0,69,9906,5.26%,5.30%,
106/10/18,-52,0,3,-49,9962,0,76,10038,5.33%,5.37%,
106/10/17,-185,0,4,-181,10014,0,73,10087,5.36%,5.40%,
106/10/16,193,0,-1,192,10199,0,69,10268,5.46%,5.50%,
106/10/13,66,0,0,66,10006,0,70,10076,5.36%,5.40%,
106/10/12,42,0,0,42,9940,0,70,10010,5.32%,5.36%,
106/10/11,-20,0,0,-20,9898,0,70,9968,5.30%,5.34%,
106/10/06,32,0,1,33,9942,0,70,10012,5.32%,5.36%,
106/10/05,98,0,0,98,10105,0,69,10174,5.41%,5.45%,
106/10/03,13,0,0,13,10007,0,69,10076,5.36%,5.40%,
106/10/02,56,0,-2,54,9994,0,69,10063,5.35%,5.39%,
106/09/30,0,0,0,0,9938,0,71,10009,5.32%,5.36%,
106/09/29,34,0,0,34,9938,0,71,10009,5.32%,5.36%,
106/09/28,-3,0,-1,-4,9904,0,71,9975,5.30%,5.34%,
106/09/27,4,0,-1,3,9933,0,72,10005,5.32%,5.36%,
106/09/26,305,0,2,307,9929,0,73,10002,5.31%,5.35%,
106/09/25,15,0,5,20,9624,0,71,9695,5.15%,5.19%,
106/09/22,-164,0,-3,-167,9609,0,66,9675,5.14%,5.18%,
106/09/21,54,0,0,54,9773,0,69,9842,5.23%,5.27%,
106/09/20,34,0,0,34,9719,0,69,9788,5.20%,5.24%,
106/09/19,218,0,4,222,9685,0,69,9754,5.18%,5.22%,
106/09/18,-147,0,-1,-148,9467,0,65,9532,5.07%,5.10%,
106/09/15,29,0,-2,27,9439,0,66,9505,5.05%,5.09%,
106/09/14,26,0,-1,25,9410,0,68,9478,5.04%,5.08%,
106/09/13,203,0,-1,202,9384,0,69,9453,5.02%,5.06%,
106/09/12,55,0,-3,52,9181,0,70,9251,4.91%,4.95%,
106/09/11,-28,0,0,-28,9126,0,73,9199,4.88%,4.92%,
106/09/08,-341,0,0,-341,9154,0,73,9227,4.90%,4.94%,
106/09/07,183,0,-1,182,9495,0,73,9568,5.08%,5.12%,
106/09/06,-350,0,0,-350,9312,0,74,9386,4.98%,5.02%,
106/09/05,65,0,0,65,9662,0,74,9736,5.17%,5.21%,
106/09/04,13,0,1,14,9587,0,74,9661,5.13%,5.17%,
106/09/01,146,0,0,146,9574,0,73,9647,5.12%,5.16%,
106/08/31,-24,0,-1,-25,9428,0,73,9501,5.05%,5.09%,
106/08/30,49,0,-20,29,9452,0,74,9526,5.06%,5.10%,
106/08/29,27,0,0,27,9403,0,94,9497,5.03%,5.08%,
106/08/28,125,0,21,146,9376,0,94,9470,5.02%,5.07%,
106/08/25,-73,0,-5,-78,9251,0,73,9324,4.95%,4.99%,
106/08/24,-115,0,-1,-116,9324,0,78,9402,4.99%,5.03%,
106/08/23,152,0,0,152,9388,0,79,9467,5.02%,5.06%,
106/08/22,13,0,0,13,9219,0,79,9298,4.93%,4.97%,
106/08/21,20,0,0,20,9206,0,79,9285,4.93%,4.97%,
106/08/18,-5,0,0,-5,9186,0,79,9265,4.92%,4.96%,
106/08/17,63,0,-5,58,9191,0,79,9270,4.92%,4.96%,
106/08/16,23,0,0,23,9128,0,84,9212,4.88%,4.92%,
106/08/15,-24,0,1,-23,9105,0,84,9189,4.87%,4.91%,
106/08/14,-147,0,-1,-148,9129,0,83,9212,4.89%,4.93%,
106/08/11,-45,0,-1,-46,9276,0,84,9360,4.96%,5.00%,
106/08/10,-124,0,0,-124,9321,0,85,9406,4.99%,5.04%,
106/08/09,-112,0,0,-112,9445,0,85,9530,5.05%,5.10%,
106/08/08,237,0,-11,226,9557,0,85,9642,5.11%,5.16%,
106/08/07,42,0,0,42,9320,0,96,9416,4.99%,5.04%,
106/08/04,1,0,0,1,9278,0,96,9374,4.97%,5.02%,
106/08/03,8,0,-2,6,9277,0,96,9373,4.96%,5.01%,
106/08/02,14,0,0,14,9269,0,98,9367,4.96%,5.01%,
106/08/01,41,0,0,41,9255,0,98,9353,4.95%,5.00%,
106/07/31,46,0,-9,37,9214,0,98,9312,4.93%,4.98%,
106/07/28,26,0,0,26,9168,0,107,9275,4.91%,4.97%,
106/07/27,67,0,0,67,9142,0,107,9249,4.89%,4.95%,
106/07/26,60,0,0,60,9075,0,107,9182,4.86%,4.92%,
106/07/25,89,0,0,89,9015,0,107,9122,4.82%,4.88%,
106/07/24,33,0,21,54,8926,0,107,9033,4.78%,4.84%,
106/07/21,17,0,0,17,8893,0,86,8979,4.76%,4.81%,
106/07/20,-94,0,0,-94,8876,0,86,8962,4.75%,4.80%,
106/07/19,-78,0,0,-78,8962,0,86,9048,4.80%,4.85%,
106/07/18,-50,0,0,-50,9040,0,86,9126,4.84%,4.89%,
106/07/17,-77,0,-29,-106,9090,0,86,9176,4.86%,4.91%,
106/07/14,106,0,29,135,9167,0,115,9282,4.91%,4.97%,
106/07/13,7,0,-1,6,9061,0,86,9147,4.85%,4.90%,
106/07/12,25,0,-5,20,9097,0,87,9184,4.87%,4.92%,
106/07/11,28,0,2,30,9072,0,92,9164,4.85%,4.90%,
106/07/10,24,0,-1,23,9094,0,90,9184,4.87%,4.92%,
106/07/07,-13,0,-3,-16,9070,0,91,9161,4.85%,4.90%,
106/07/06,-60,0,0,-60,9083,0,94,9177,4.86%,4.91%,
106/07/05,-70,0,-1,-71,9143,0,94,9237,4.89%,4.94%,
106/07/04,-43,0,-2,-45,9233,0,95,9328,4.94%,4.99%,
106/07/03,75,0,0,75,9276,0,97,9373,4.96%,5.01%,
106/06/30,-11,0,0,-11,9201,0,97,9298,4.92%,4.97%,
106/06/29,89,0,0,89,9212,0,97,9309,4.93%,4.98%,
106/06/28,8,0,0,8,9123,0,97,9220,4.88%,4.93%,
106/06/27,-39,0,0,-39,9115,0,97,9212,4.88%,4.93%,
106/06/26,-201,0,9,-192,9154,0,97,9251,4.90%,4.95%,
106/06/23,-99,0,0,-99,9355,0,88,9443,5.01%,5.06%,
106/06/22,-78,0,0,-78,9454,0,88,9542,5.06%,5.11%,
106/06/21,31,0,16,47,9532,0,88,9620,5.10%,5.15%,
106/06/20,-145,0,1,-144,9501,0,72,9573,5.08%,5.12%,
106/06/19,111,0,0,111,9729,0,71,9800,5.21%,5.25%,
106/06/16,63,0,-14,49,9618,0,71,9689,5.15%,5.19%,
106/06/15,157,0,0,157,9555,0,85,9640,5.11%,5.16%,
106/06/14,175,0,0,175,9398,0,85,9483,5.03%,5.08%,
106/06/13,-77,0,0,-77,9223,0,85,9308,4.94%,4.99%,
106/06/12,-245,0,0,-245,9300,0,85,9385,4.98%,5.03%,
106/06/09,-13,0,0,-13,9495,0,85,9580,5.08%,5.13%,
106/06/08,6,0,0,6,9508,0,85,9593,5.09%,5.14%,
106/06/07,33,0,0,33,9502,0,85,9587,5.09%,5.14%,
106/06/06,-71,0,0,-71,9469,0,85,9554,5.07%,5.12%,
106/06/05,66,0,0,66,9540,0,85,9625,5.11%,5.16%,
106/06/03,1,0,0,1,9474,0,85,9559,5.07%,5.12%,
106/06/02,151,0,0,151,9473,0,85,9558,5.07%,5.11%,
106/06/01,134,0,0,134,9322,0,85,9407,4.99%,5.03%,
106/05/31,-12,0,0,-12,9188,0,85,9273,4.92%,4.96%,
106/05/26,68,0,0,68,9200,0,85,9285,4.92%,4.96%,
106/05/25,-9,0,0,-9,9132,0,85,9217,4.89%,4.93%,
106/05/24,103,0,0,103,9151,0,85,9236,4.90%,4.94%,
106/05/23,-130,0,0,-130,9048,0,85,9133,4.84%,4.88%,
106/05/22,111,0,3,114,9178,0,85,9263,4.91%,4.95%,
106/05/19,-187,0,0,-187,9067,0,82,9149,4.85%,4.89%,
106/05/18,20,0,0,20,9254,0,82,9336,4.95%,4.99%,
106/05/17,-522,0,0,-522,9234,0,82,9316,4.94%,4.98%,
106/05/16,7,0,0,7,9756,0,82,9838,5.22%,5.26%,
106/05/15,-47,0,0,-47,9749,0,82,9831,5.22%,5.26%,
106/05/12,-189,0,-3,-192,9796,0,82,9878,5.24%,5.28%,
106/05/11,-146,0,0,-146,9985,0,85,10070,5.34%,5.38%,
106/05/10,22,0,0,22,10131,0,85,10216,5.42%,5.46%,
106/05/09,-105,0,0,-105,10109,0,85,10194,5.41%,5.45%,
106/05/08,-118,0,3,-115,10204,0,85,10289,5.46%,5.50%,
106/05/05,-119,0,0,-119,10414,0,82,10496,5.57%,5.61%,
106/05/04,-24,0,-3,-27,10536,0,82,10618,5.35%,5.39%,
106/05/03,10,0,3,13,10560,0,85,10645,5.36%,5.40%,
106/05/02,61,0,0,61,10550,0,82,10632,5.36%,5.40%,
106/04/28,29,0,0,29,10489,0,82,10571,5.33%,5.37%,
106/04/27,-22,0,-4,-26,10460,0,82,10542,5.31%,5.35%,
106/04/26,89,0,0,89,10482,0,86,10568,5.32%,5.36%,
106/04/25,253,0,0,253,10393,0,86,10479,5.28%,5.32%,
106/04/24,27,0,0,27,10140,0,86,10226,5.15%,5.19%,
106/04/21,57,0,0,57,10113,0,86,10199,5.14%,5.18%,
106/04/20,-227,0,-53,-280,10056,0,86,10142,5.11%,5.15%,
106/04/19,115,0,0,115,10283,0,139,10422,5.22%,5.29%,
106/04/18,-394,0,0,-394,10168,0,139,10307,5.16%,5.23%,
106/04/17,-145,0,-556,-701,10562,0,139,10701,5.37%,5.44%,
106/04/14,353,0,34,387,10707,0,695,11402,5.44%,5.79%,
106/04/13,-21,0,272,251,10354,0,661,11015,5.26%,5.60%,
106/04/12,152,0,0,152,10375,0,389,10764,5.27%,5.47%,
106/04/11,109,0,-99,10,10223,0,389,10612,5.19%,5.39%,
106/04/10,173,0,149,322,10114,0,488,10602,5.14%,5.39%,
106/04/07,48,0,-1,47,9941,0,339,10280,5.05%,5.22%,
106/04/06,-296,0,200,-96,9893,0,340,10233,5.03%,5.20%,
106/04/05,546,0,0,546,10189,0,140,10329,5.18%,5.25%,
106/03/31,-196,0,-110,-306,9643,0,140,9783,4.90%,4.97%,
106/03/30,-7,0,0,-7,9820,0,250,10070,4.99%,5.12%,
106/03/29,-675,0,164,-511,9827,0,250,10077,4.99%,5.12%,
106/03/28,224,0,7,231,10502,0,86,10588,5.33%,5.37%,
106/03/27,475,0,4,479,10278,0,79,10357,5.22%,5.26%,
106/03/24,81,0,1,82,9618,0,75,9693,4.89%,4.93%,
106/03/23,111,0,-100,11,9537,0,74,9611,4.84%,4.88%,
106/03/22,224,0,-5,219,9426,0,174,9600,4.79%,4.88%,
106/03/21,143,0,86,229,9202,0,179,9381,4.67%,4.76%,
106/03/20,489,0,0,489,9049,0,93,9142,4.60%,4.65%,
106/03/17,-8,0,-20,-28,8532,0,93,8625,4.33%,4.38%,
106/03/16,-8,0,0,-8,8540,0,113,8653,4.34%,4.40%,
106/03/15,-62,0,-1,-63,8548,0,113,8661,4.34%,4.40%,
106/03/14,22,0,40,62,8610,0,114,8724,4.37%,4.43%,
106/03/13,-3,0,2,-1,8588,0,74,8662,4.36%,4.40%,
106/03/10,-54,0,5,-49,8591,0,72,8663,4.36%,4.40%,
106/03/09,-82,0,-1,-83,8638,0,67,8705,4.39%,4.42%,
106/03/08,-65,0,-3,-68,8720,0,68,8788,4.43%,4.46%,
106/03/07,-19,0,-1,-20,8785,0,71,8856,4.46%,4.50%,
106/03/06,14,0,-1,13,8804,0,72,8876,4.47%,4.51%,
106/03/03,6,0,-1,5,8790,0,73,8863,4.46%,4.50%,
106/03/02,11,0,0,11,8784,0,74,8858,4.46%,4.50%,
106/03/01,-41,0,2,-39,8773,0,74,8847,4.46%,4.50%,
106/02/24,25,0,-2,23,8814,0,72,8886,4.48%,4.52%,
106/02/23,-162,0,4,-158,8789,0,74,8863,4.46%,4.50%,
106/02/22,112,0,0,112,8951,0,70,9021,4.55%,4.59%,
106/02/21,-85,0,0,-85,8839,0,70,8909,4.49%,4.53%,
106/02/20,18,0,-50,-32,8924,0,70,8994,4.53%,4.57%,
106/02/18,0,0,-51,-51,8906,0,120,9026,4.52%,4.58%,
106/02/17,-79,0,100,21,8906,0,171,9077,4.52%,4.61%,
106/02/16,10,0,1,11,9004,0,71,9075,4.57%,4.61%,
106/02/15,30,0,8,38,8994,0,70,9064,4.57%,4.61%,
106/02/14,-62,0,-3,-65,8964,0,62,9026,4.55%,4.58%,
106/02/13,-23,0,0,-23,9026,0,65,9091,4.58%,4.61%,
106/02/10,-13,0,1,-12,9049,0,65,9114,4.60%,4.63%,
106/02/09,-18,0,0,-18,9062,0,64,9126,4.60%,4.63%,
106/02/08,-67,0,0,-67,9080,0,64,9144,4.61%,4.64%,
106/02/07,-46,0,0,-46,9225,0,64,9289,4.69%,4.72%,
106/02/06,117,0,-8,109,9271,0,64,9335,4.71%,4.74%,
106/02/03,46,0,3,49,9154,0,72,9226,4.65%,4.69%,
106/02/02,48,0,0,48,9108,0,69,9177,4.63%,4.67%,
106/01/24,-7,0,2,-5,9060,0,69,9129,4.60%,4.64%,
106/01/23,-159,0,0,-159,9067,0,67,9134,4.61%,4.64%,
106/01/20,-35,0,-1,-36,9226,0,67,9293,4.69%,4.72%,
106/01/19,-36,0,-7,-43,9261,0,68,9329,4.70%,4.73%,
106/01/18,97,0,-5,92,9297,0,75,9372,4.72%,4.76%,
106/01/17,28,0,-1,27,9200,0,80,9280,4.67%,4.71%,
106/01/16,29,0,1,30,9172,0,81,9253,4.66%,4.70%,
106/01/13,-9,0,0,-9,9143,0,80,9223,4.64%,4.68%,
106/01/12,39,0,0,39,9152,0,80,9232,4.65%,4.69%,
106/01/11,41,0,0,41,9113,0,80,9193,4.63%,4.67%,
106/01/10,-133,0,-1,-134,9072,0,80,9152,4.61%,4.65%,
106/01/09,327,0,0,327,9205,0,81,9286,4.68%,4.72%,
106/01/06,151,0,2,153,8878,0,81,8959,4.51%,4.55%,
106/01/05,-70,0,1,-69,8727,0,79,8806,4.43%,4.47%,
106/01/04,-41,0,0,-41,8797,0,78,8875,4.47%,4.51%,
106/01/03,-141,0,0,-141,8838,0,78,8916,4.49%,4.53%,
105/12/30,-184,0,0,-184,8979,0,78,9057,4.56%,4.60%,
105/12/29,-93,0,0,-93,9163,0,78,9241,4.65%,4.69%,
105/12/28,-73,0,-1,-74,9256,0,78,9334,4.70%,4.74%,
105/12/27,-187,0,-4,-191,9310,0,79,9389,4.73%,4.77%,
105/12/26,-41,0,0,-41,9497,0,83,9580,4.82%,4.86%,
105/12/23,10,0,-5,5,9538,0,83,9621,4.84%,4.88%,
105/12/22,19,0,0,19,9528,0,88,9616,4.84%,4.88%,
105/12/21,15,0,14,29,9509,0,88,9597,4.83%,4.87%,
105/12/20,158,0,4,162,9529,0,74,9603,4.84%,4.88%,
105/12/19,66,0,13,79,9371,0,70,9441,4.76%,4.80%,
105/12/16,-43,0,18,-25,9305,0,57,9362,4.73%,4.76%,
105/12/15,-29,0,5,-24,9348,0,39,9387,4.75%,4.77%,
105/12/14,14,0,0,14,9377,0,34,9411,4.76%,4.78%,
105/12/13,73,0,-5,68,9363,0,34,9397,4.76%,4.78%,
105/12/12,367,0,11,378,9290,0,39,9329,4.72%,4.74%,
105/12/09,160,0,6,166,8923,0,28,8951,4.53%,4.54%,
105/12/08,-46,0,2,-44,8763,0,22,8785,4.45%,4.46%,
105/12/07,103,0,-9,94,8799,0,20,8819,4.47%,4.48%,
105/12/06,-66,0,7,-59,8696,0,29,8725,4.42%,4.43%,
105/12/05,35,0,-14,21,8762,0,22,8784,4.45%,4.46%,
105/12/02,33,0,4,37,8727,0,36,8763,4.43%,4.45%,
105/12/01,72,0,-5,67,8694,0,32,8726,4.42%,4.44%,
105/11/30,72,0,-26,46,8622,0,37,8659,4.38%,4.40%,
105/11/29,73,0,-5,68,8550,0,63,8613,4.34%,4.37%,
105/11/28,26,0,17,43,8477,0,68,8545,4.31%,4.34%,
105/11/25,147,0,0,147,8451,0,51,8502,4.29%,4.32%,
105/11/24,82,0,8,90,8304,0,51,8355,4.22%,4.25%,
105/11/23,-35,0,-1,-36,8310,0,43,8353,4.22%,4.24%,
105/11/22,-15,0,6,-9,8419,0,44,8463,4.28%,4.30%,
105/11/21,59,0,-12,47,8434,0,38,8472,4.28%,4.30%,
105/11/18,84,0,1,85,8375,0,50,8425,4.25%,4.28%,
105/11/17,33,0,1,34,8291,0,49,8340,4.21%,4.23%,
105/11/16,-1,0,11,10,8258,0,48,8306,4.19%,4.21%,
105/11/15,43,0,-25,18,8259,0,37,8296,4.19%,4.21%,
105/11/14,-52,0,3,-49,8216,0,62,8278,4.17%,4.20%,
105/11/11,-32,0,0,-32,8268,0,59,8327,4.20%,4.23%,
105/11/10,17,0,0,17,8300,0,59,8359,4.22%,4.25%,
105/11/09,-22,0,-2,-24,8283,0,59,8342,4.21%,4.24%,
105/11/08,8,0,1,9,8305,0,61,8366,4.22%,4.25%,
105/11/07,10,0,20,30,8297,0,60,8357,4.21%,4.24%,
105/11/04,-82,0,0,-82,8287,0,40,8327,4.21%,4.23%,
105/11/03,21,0,11,32,8369,0,40,8409,4.25%,4.27%,
105/11/02,-4,0,20,16,8348,0,29,8377,4.24%,4.25%,
105/11/01,-6,0,1,-5,8352,0,9,8361,4.24%,4.24%,
105/10/31,-11,0,2,-9,8358,0,8,8366,4.24%,4.24%,
105/10/28,-39,0,5,-34,8369,0,6,8375,4.25%,4.25%,
105/10/27,-5,0,0,-5,8408,0,1,8409,4.27%,4.27%,
105/10/26,7,0,1,8,8413,0,1,8414,4.27%,4.27%,
105/10/25,6,0,0,6,8406,0,0,8406,4.27%,4.27%,
105/10/24,-7,0,0,-7,8400,0,0,8400,4.27%,4.27%,
105/10/21,6,0,-7,-1,8397,0,0,8397,4.26%,4.26%,
105/10/20,-7,0,-3,-10,8391,0,2,8393,4.26%,4.26%,
105/10/19,-2,0,-11,-13,8398,0,5,8403,4.27%,4.27%,
105/10/18,-1,0,-4,-5,8460,0,16,8476,4.30%,4.31%,
105/10/17,-1,0,1,0,8461,0,20,8481,4.30%,4.31%,
105/10/14,9,0,5,14,8462,0,19,8481,4.30%,4.31%,
105/10/13,-83,0,1,-82,8453,0,14,8467,4.29%,4.30%,
105/10/12,20,0,4,24,8536,0,13,8549,4.34%,4.35%,
105/10/11,-1,0,5,4,8516,0,9,8525,4.33%,4.33%,
105/10/07,15,0,3,18,8517,0,4,8521,4.33%,4.33%,
105/10/06,0,0,0,0,8502,0,1,8503,4.32%,4.32%,
105/10/05,-4,0,0,-4,8502,0,1,8503,4.32%,4.32%,
105/10/04,-6,0,-3,-9,8506,0,1,8507,4.32%,4.32%,
105/10/03,-68,0,-6,-74,8512,0,4,8516,4.32%,4.32%,
105/09/30,-83,0,0,-83,8580,0,10,8590,4.36%,4.37%,
105/09/29,2,0,9,11,8663,0,10,8673,4.40%,4.41%,
105/09/26,-8,0,1,-7,8661,0,1,8662,4.40%,4.40%,
105/09/23,-30,0,-3,-33,8669,0,0,8669,4.40%,4.40%,
105/09/22,-21,0,-1,-22,8699,0,0,8699,4.42%,4.42%,
105/09/21,26,0,0,26,8720,0,0,8720,4.43%,4.43%,
105/09/20,-7,0,-8,-15,8694,0,0,8694,4.42%,4.42%,
105/09/19,-108,0,8,-100,8701,0,8,8709,4.42%,4.42%,
105/09/14,-14,0,0,-14,8809,0,0,8809,4.47%,4.47%,
105/09/13,-103,0,-1,-104,8823,0,0,8823,4.48%,4.48%,
105/09/12,-239,0,-3,-242,8926,0,0,8926,4.53%,4.53%,
105/09/10,0,0,-10,-10,8865,0,0,8865,4.50%,4.50%,
105/09/09,-21,0,-5,-26,8865,0,2,8867,4.50%,4.50%,
105/09/08,-169,0,0,-169,8886,0,7,8893,4.51%,4.51%,
105/09/07,-73,0,-14,-87,9055,0,7,9062,4.60%,4.60%,
105/09/06,-67,0,-5,-72,9128,0,21,9149,4.64%,4.65%,
105/09/05,39,0,0,39,9196,0,26,9222,4.67%,4.68%,
105/09/02,42,0,-12,30,9157,0,26,9183,4.65%,4.66%,
105/09/01,-216,0,10,-206,9115,0,38,9153,4.63%,4.65%,
105/08/31,-424,0,-9,-433,9316,0,28,9344,4.73%,4.74%,
105/08/30,-660,0,-8,-668,9740,0,37,9777,4.95%,4.97%,
105/08/29,152,0,-5,147,10400,0,45,10445,5.28%,5.30%,
105/08/26,-23,0,3,-20,10248,0,50,10298,5.21%,5.24%,
105/08/25,-195,0,3,-192,10271,0,47,10318,5.22%,5.24%,
105/08/24,-319,0,0,-319,10466,0,44,10510,5.32%,5.34%,
105/08/23,-220,0,-4,-224,10785,0,44,10829,5.48%,5.50%,
105/08/22,-221,0,-6,-227,11005,0,48,11053,5.59%,5.61%,
105/08/19,-18,0,-6,-24,11226,0,54,11280,5.70%,5.73%,
105/08/18,-136,0,-1,-137,11243,0,60,11303,5.71%,5.74%,
105/08/17,-71,0,-5,-76,11379,0,61,11440,5.78%,5.81%,
105/08/16,-68,0,-1,-69,11451,0,66,11517,5.82%,5.85%,
105/08/15,196,0,0,196,11519,0,67,11586,5.85%,5.88%,
105/08/12,-91,0,1,-90,11323,0,67,11390,5.75%,5.78%,
105/08/11,-124,0,1,-123,11414,0,66,11480,5.80%,5.83%,
105/08/10,37,0,0,37,11538,0,65,11603,5.86%,5.89%,
105/08/09,-45,0,0,-45,11501,0,65,11566,5.84%,5.87%,
105/08/08,-102,0,0,-102,11546,0,65,11611,5.87%,5.90%,
105/08/05,-121,0,-94,-215,11648,0,65,11713,5.92%,5.95%,
105/08/04,-111,0,93,-18,11769,0,159,11928,5.98%,6.06%,
105/08/03,-13,0,0,-13,11880,0,66,11946,6.04%,6.07%,
105/08/02,56,0,0,56,11893,0,66,11959,6.04%,6.07%,
105/08/01,104,0,0,104,11811,0,66,11877,6.00%,6.03%,
105/07/29,6,0,0,6,11707,0,66,11773,5.95%,5.98%,
105/07/28,-11,0,1,-10,11701,0,66,11767,5.94%,5.97%,
105/07/27,18,0,0,18,11712,0,65,11777,5.95%,5.98%,
105/07/26,-12,0,7,-5,11694,0,65,11759,5.94%,5.97%,
105/07/25,-1,0,-6,-7,11706,0,58,11764,5.95%,5.98%,
105/07/22,-43,0,-1,-44,11707,0,64,11771,5.95%,5.98%,
105/07/21,-308,0,10,-298,11750,0,65,11815,5.97%,6.00%,
105/07/20,158,0,8,166,12058,0,55,12113,6.13%,6.16%,
105/07/19,-15,0,5,-10,11900,0,47,11947,6.05%,6.07%,
105/07/18,-65,0,0,-65,11915,0,42,11957,6.05%,6.07%,
105/07/15,-35,0,0,-35,11980,0,42,12022,6.09%,6.11%,
105/07/14,-62,0,0,-62,12015,0,42,12057,6.10%,6.12%,
105/07/13,-43,0,-3,-46,12077,0,42,12119,6.14%,6.16%,
105/07/12,-34,0,0,-34,12120,0,45,12165,6.16%,6.18%,
105/07/11,-79,0,-3,-82,12154,0,45,12199,6.17%,6.19%,
105/07/07,3,0,0,3,12233,0,48,12281,6.21%,6.23%,
105/07/06,0,0,0,0,12230,0,48,12278,6.21%,6.23%,
105/07/05,-8,0,-1,-9,12230,0,48,12278,6.21%,6.23%,
105/07/04,-12,0,3,-9,12238,0,49,12287,6.22%,6.24%,
105/07/01,-58,0,0,-58,12250,0,46,12296,6.22%,6.24%,
105/06/30,-106,0,0,-106,12323,0,46,12369,6.26%,6.28%,
105/06/29,-49,0,0,-49,12429,0,46,12475,6.31%,6.33%,
105/06/28,-21,0,-1,-22,12478,0,46,12524,6.34%,6.36%,
105/06/27,66,0,-5,61,12499,0,47,12546,6.35%,6.37%,
105/06/24,-5,0,-12,-17,12433,0,52,12485,6.32%,6.35%,
105/06/23,-26,0,1,-25,12438,0,64,12502,6.32%,6.35%,
105/06/22,12,0,0,12,12464,0,63,12527,6.33%,6.36%,
105/06/21,-34,0,1,-33,12452,0,63,12515,6.33%,6.36%,
105/06/20,-42,0,5,-37,12486,0,62,12548,6.34%,6.37%,
105/06/17,0,0,4,4,12528,0,57,12585,6.36%,6.39%,
105/06/16,0,0,0,0,12528,0,53,12581,6.36%,6.39%,
105/06/15,0,0,1,1,12528,0,53,12581,6.36%,6.39%,
105/06/14,0,0,2,2,12528,0,52,12580,6.36%,6.39%,
105/06/13,-9,0,3,-6,12528,0,50,12578,6.36%,6.39%,
105/06/08,-9,0,3,-6,12537,0,47,12584,6.37%,6.39%,
105/06/07,0,0,11,11,12556,0,44,12600,6.38%,6.40%,
105/06/06,-14,0,-1,-15,12556,0,33,12589,6.38%,6.40%,
105/06/04,0,0,0,0,12570,0,34,12604,6.39%,6.41%,
105/06/03,-39,0,-3,-42,12570,0,34,12604,6.39%,6.41%,
105/06/02,-10,0,-6,-16,12583,0,37,12620,6.39%,6.41%,
105/06/01,-9,0,4,-5,12593,0,43,12636,6.40%,6.42%,
105/05/31,-10,0,0,-10,12602,0,39,12641,6.40%,6.42%,
105/05/30,0,0,0,0,12612,0,39,12651,6.41%,6.43%,
105/05/27,-16,0,-3,-19,12612,0,39,12651,6.41%,6.43%,
105/05/26,-1,0,2,1,12628,0,42,12670,6.42%,6.44%,
105/05/25,-7,0,0,-7,12629,0,40,12669,6.42%,6.44%,
105/05/24,-5,0,1,-4,12642,0,40,12682,6.42%,6.44%,
105/05/23,3,0,1,4,12647,0,39,12686,6.43%,6.45%,
105/05/20,40,0,2,42,12644,0,38,12682,6.42%,6.44%,
105/05/19,-17,0,-2,-19,12604,0,36,12640,6.40%,6.42%,
105/05/18,-25,0,17,-8,12621,0,38,12659,6.41%,6.43%,
105/05/17,152,0,-4,148,12646,0,21,12667,6.42%,6.43%,
105/05/16,-34,0,1,-33,12494,0,25,12519,6.35%,6.36%,
105/05/13,29,0,-4,25,12528,0,24,12552,6.36%,6.37%,
105/05/12,3,0,0,3,12499,0,28,12527,6.35%,6.36%,
105/05/11,-13,0,-3,-16,12496,0,28,12524,6.35%,6.36%,
105/05/10,14,0,2,16,12509,0,31,12540,6.36%,6.38%,
105/05/09,0,0,3,3,12495,0,29,12524,6.35%,6.36%,
105/05/06,1,0,2,3,12495,0,26,12521,6.35%,6.36%,
105/05/05,-8,0,0,-8,12494,0,24,12518,6.35%,6.36%,
105/05/04,-24,0,-2,-26,12502,0,24,12526,6.35%,6.36%,
105/05/03,34,0,0,34,12526,0,26,12552,6.36%,6.37%,
105/04/29,-2,0,0,-2,12492,0,26,12518,6.35%,6.36%,
105/04/28,-3,0,-3,-6,12494,0,26,12520,6.35%,6.36%,
105/04/27,4,0,-7,-3,12497,0,29,12526,6.35%,6.36%,
105/04/26,10,0,5,15,12483,0,36,12519,6.34%,6.36%,
105/04/25,-1,0,-19,-20,12473,0,31,12504,6.34%,6.36%,
105/04/22,1,0,-1,0,12474,0,50,12524,6.34%,6.37%,
105/04/21,-1,0,0,-1,12473,0,51,12524,6.34%,6.37%,
105/04/20,-3,0,-9,-12,12474,0,51,12525,6.34%,6.37%,
105/04/19,3,0,0,3,12477,0,60,12537,6.34%,6.37%,
105/04/18,-67,0,0,-67,12474,0,60,12534,6.34%,6.37%,
105/04/15,-1,0,-2,-3,12541,0,60,12601,6.37%,6.40%,
105/04/14,3,0,-1,2,12542,0,62,12604,6.37%,6.40%,
105/04/13,0,0,7,7,12539,0,63,12602,6.37%,6.40%,
105/04/12,-30,0,-9,-39,12539,0,56,12595,6.37%,6.40%,
105/04/11,-24,0,0,-24,12569,0,65,12634,6.39%,6.42%,
105/04/08,25,0,-2,23,12593,0,65,12658,6.40%,6.43%,
105/04/07,-9,0,1,-8,12568,0,67,12635,6.39%,6.42%,
105/04/06,-9,0,-7,-16,12577,0,66,12643,6.39%,6.42%,
105/04/01,10,0,1,11,12586,0,73,12659,6.39%,6.43%,
105/03/31,-2,0,0,-2,12576,0,72,12648,6.39%,6.43%,
105/03/30,-16,0,-1,-17,12578,0,72,12650,6.39%,6.43%,
105/03/29,-98,0,0,-98,12594,0,73,12667,6.40%,6.44%,
105/03/28,-1,0,1,0,12692,0,73,12765,6.45%,6.49%,
105/03/25,-8,0,0,-8,12863,0,72,12935,6.54%,6.58%,
105/03/24,-12,0,0,-12,12871,0,72,12943,6.54%,6.58%,
105/03/23,13,0,3,16,12883,0,72,12955,6.55%,6.59%,
105/03/22,-17,0,0,-17,12870,0,69,12939,6.54%,6.58%,
105/03/21,-4,0,0,-4,12887,0,69,12956,6.55%,6.59%,
105/03/18,14,0,0,14,12891,0,69,12960,6.55%,6.59%,
105/03/17,1,0,4,5,12877,0,69,12946,6.54%,6.58%,
105/03/16,24,0,11,35,12926,0,65,12991,6.57%,6.60%,
105/03/15,-38,0,1,-37,12902,0,54,12956,6.56%,6.59%,
105/03/14,-41,0,0,-41,12940,0,53,12993,6.57%,6.60%,
105/03/11,96,0,0,96,12981,0,53,13034,6.60%,6.63%,
105/03/10,8,0,-1,7,12885,0,53,12938,6.55%,6.58%,
105/03/09,-3,0,4,1,12877,0,54,12931,6.54%,6.57%,
105/03/08,8,0,-6,2,12880,0,50,12930,6.54%,6.57%,
105/03/07,2,0,-2,0,12872,0,56,12928,6.54%,6.57%,
105/03/04,-54,0,-1,-55,12870,0,58,12928,6.54%,6.57%,
105/03/03,-31,0,-2,-33,12924,0,59,12983,6.57%,6.60%,
105/03/02,0,0,0,0,12955,0,61,13016,6.58%,6.61%,
105/03/01,0,0,0,0,12955,0,61,13016,6.58%,6.61%,
105/02/26,-22,0,-5,-27,12955,0,61,13016,6.58%,6.61%,
105/02/25,1,0,0,1,12977,0,66,13043,6.59%,6.62%,
105/02/24,-1,0,5,4,12976,0,66,13042,6.59%,6.62%,
105/02/23,-2,0,-6,-8,12977,0,61,13038,6.59%,6.62%,
105/02/22,-9,0,1,-8,12979,0,67,13046,6.59%,6.62%,
105/02/19,-7,0,-15,-22,12988,0,66,13054,6.60%,6.63%,
105/02/18,-6,0,-2,-8,12995,0,81,13076,6.60%,6.64%,
105/02/17,-35,0,22,-13,13001,0,83,13084,6.61%,6.65%,
105/02/16,-3,0,22,19,13036,0,61,13097,6.62%,6.65%,
105/02/15,5,0,-1,4,13039,0,39,13078,6.62%,6.64%,
105/02/03,3,0,3,6,13034,0,40,13074,6.62%,6.64%,
105/02/02,4,0,0,4,13021,0,37,13058,6.62%,6.64%,
105/02/01,-39,0,-9,-48,13017,0,37,13054,6.61%,6.63%,
105/01/30,0,0,7,7,13056,0,46,13102,6.63%,6.65%,
105/01/29,3,0,-6,-3,13056,0,39,13095,6.63%,6.65%,
105/01/28,-1,0,1,0,13053,0,45,13098,6.63%,6.65%,
105/01/27,5,0,-1,4,13054,0,44,13098,6.63%,6.65%,
105/01/26,-30,0,-1,-31,13049,0,45,13094,6.63%,6.65%,
105/01/25,-48,0,-4,-52,13079,0,46,13125,6.65%,6.67%,
105/01/22,-17,0,-1,-18,13127,0,50,13177,6.67%,6.70%,
105/01/21,-46,0,-12,-58,13144,0,51,13195,6.68%,6.71%,
105/01/20,-77,0,-6,-83,13190,0,63,13253,6.70%,6.73%,
105/01/19,0,0,3,3,13298,0,69,13367,6.76%,6.80%,
105/01/18,49,0,8,57,13298,0,66,13364,6.76%,6.79%,
105/01/15,-5,0,-2,-7,13249,0,58,13307,6.73%,6.76%,
105/01/14,-36,0,0,-36,13254,0,60,13314,6.73%,6.76%,
105/01/13,-33,0,1,-32,13290,0,60,13350,6.75%,6.78%,
105/01/12,13,0,2,15,13323,0,59,13382,6.77%,6.80%,
105/01/11,-29,0,0,-29,13310,0,57,13367,6.76%,6.79%,
105/01/08,-44,0,-8,-52,13339,0,57,13396,6.78%,6.81%,
105/01/07,-35,0,16,-19,13383,0,65,13448,6.80%,6.83%,
105/01/06,-63,0,-20,-83,13418,0,49,13467,6.82%,6.84%,
105/01/05,-12,0,6,-6,13471,0,69,13540,6.84%,6.88%,
105/01/04,-32,0,7,-25,13483,0,63,13546,6.85%,6.88%,
104/12/31,-14,0,0,-14,13585,0,56,13641,6.90%,6.93%,
104/12/30,-79,0,0,-79,13599,0,56,13655,6.91%,6.94%,
104/12/29,181,0,0,181,13678,0,56,13734,6.95%,6.98%,
104/12/28,2,0,0,2,13497,0,56,13553,6.86%,6.89%,
104/12/25,13,0,0,13,13495,0,56,13551,6.86%,6.89%,
104/12/24,-4,0,0,-4,13482,0,56,13538,6.85%,6.88%,
104/12/23,104,0,-10,94,13486,0,56,13542,6.85%,6.88%,
104/12/22,-25,0,-5,-30,13382,0,66,13448,6.80%,6.83%,
104/12/21,13,0,3,16,13407,0,71,13478,6.81%,6.85%,
104/12/18,4,0,-1,3,13384,0,68,13452,6.80%,6.83%,
104/12/17,34,0,2,36,13380,0,69,13449,6.80%,6.84%,
104/12/16,-5,0,16,11,13346,0,67,13413,6.78%,6.81%,
104/12/15,-58,0,3,-55,13351,0,51,13402,6.78%,6.81%,
104/12/14,-23,0,-8,-31,13229,0,48,13277,6.72%,6.74%,
104/12/11,-5,0,-7,-12,13252,0,56,13308,6.73%,6.76%,
104/12/10,-5,0,-4,-9,13257,0,63,13320,6.74%,6.77%,
104/12/09,-17,0,2,-15,13262,0,67,13329,6.74%,6.77%,
104/12/08,0,0,0,0,13279,0,65,13344,6.75%,6.78%,
104/12/07,-27,0,0,-27,13279,0,65,13344,6.75%,6.78%,
104/12/04,19,0,0,19,13306,0,65,13371,6.76%,6.79%,
104/12/03,11,0,4,15,13287,0,65,13352,6.75%,6.78%,
104/12/02,2,0,3,5,13276,0,61,13337,6.75%,6.78%,
104/12/01,7,0,-1,6,13274,0,58,13332,6.74%,6.77%,
104/11/30,-22,0,0,-22,13267,0,59,13326,6.74%,6.77%,
104/11/27,-14,0,-4,-18,13289,0,59,13348,6.75%,6.78%,
104/11/26,-11,0,0,-11,13303,0,63,13366,6.76%,6.79%,
104/11/25,-8,0,0,-8,13304,0,63,13367,6.76%,6.79%,
104/11/24,-19,0,1,-18,13312,0,63,13375,6.76%,6.79%,
104/11/23,-3,0,-3,-6,13331,0,62,13393,6.77%,6.80%,
104/11/20,1,0,0,1,13334,0,65,13399,6.77%,6.80%,
104/11/19,-2,0,0,-2,13333,0,65,13398,6.77%,6.80%,
104/11/18,0,0,0,0,13335,0,65,13400,6.78%,6.81%,
104/11/17,76,0,-1,75,13335,0,65,13400,6.78%,6.81%,
104/11/16,71,0,7,78,13259,0,66,13325,6.74%,6.77%,
104/11/13,-12,0,2,-10,13188,0,59,13247,6.70%,6.73%,
104/11/12,-28,0,-3,-31,13200,0,57,13257,6.71%,6.74%,
104/11/11,-52,0,-5,-57,13228,0,60,13288,6.72%,6.75%,
104/11/10,-6,0,0,-6,13280,0,65,13345,6.75%,6.78%,
104/11/09,7,0,5,12,13286,0,65,13351,6.75%,6.78%,
104/11/06,3,0,4,7,13279,0,60,13339,6.75%,6.78%,
104/11/05,5,0,0,5,13276,0,56,13332,6.75%,6.78%,
104/11/04,43,0,0,43,13271,0,56,13327,6.74%,6.77%,
104/11/03,11,0,0,11,13228,0,56,13284,6.72%,6.75%,
104/11/02,5,0,0,5,13217,0,56,13273,6.72%,6.75%,
104/10/30,-14,0,0,-14,13212,0,56,13268,6.71%,6.74%,
104/10/29,-12,0,0,-12,13226,0,56,13282,6.72%,6.75%,
104/10/28,11,0,0,11,13238,0,56,13294,6.73%,6.76%,
104/10/27,1,0,0,1,13227,0,56,13283,6.72%,6.75%,
104/10/26,41,0,0,41,13226,0,56,13282,6.72%,6.75%,
104/10/23,19,0,0,19,13185,0,56,13241,6.70%,6.73%,
104/10/22,29,0,0,29,13166,0,56,13222,6.69%,6.72%,
104/10/21,7,0,1,8,13137,0,56,13193,6.67%,6.70%,
104/10/20,23,0,0,23,13130,0,55,13185,6.67%,6.70%,
104/10/19,46,0,0,46,13107,0,55,13162,6.66%,6.69%,
104/10/16,18,0,0,18,13061,0,55,13116,6.64%,6.67%,
104/10/15,-57,0,-6,-63,13043,0,55,13098,6.63%,6.66%,
104/10/14,-23,0,-1,-24,13100,0,61,13161,6.66%,6.69%,
104/10/13,15,0,0,15,13123,0,62,13185,6.67%,6.70%,
104/10/12,-41,0,1,-40,13108,0,62,13170,6.66%,6.69%,
104/10/08,-7,0,0,-7,13149,0,61,13210,6.68%,6.71%,
104/10/07,2,0,-1,1,13156,0,61,13217,6.68%,6.71%,
104/10/06,19,0,0,19,13154,0,62,13216,6.68%,6.71%,
104/10/05,24,0,0,24,13125,0,62,13187,6.67%,6.70%,
104/10/02,-31,0,0,-31,13101,0,62,13163,6.66%,6.69%,
104/10/01,-8,0,0,-8,13132,0,62,13194,6.67%,6.70%,
104/09/30,-2,0,0,-2,13140,0,62,13202,6.68%,6.71%,
104/09/25,4,0,0,4,13142,0,62,13204,6.68%,6.71%,
104/09/24,3,0,0,3,13150,0,62,13212,6.68%,6.71%,
104/09/23,-63,0,0,-63,13147,0,62,13209,6.68%,6.71%,
104/09/22,9,0,0,9,13210,0,62,13272,6.71%,6.74%,
104/09/21,-29,0,-1,-30,13201,0,62,13263,6.71%,6.74%,
104/09/18,16,0,0,16,13230,0,63,13293,6.72%,6.75%,
104/09/17,22,0,-2,20,13214,0,63,13277,6.71%,6.74%,
104/09/16,-4,0,9,5,13192,0,65,13257,6.70%,6.73%,
104/09/15,-28,0,-2,-30,13196,0,56,13252,6.70%,6.73%,
104/09/14,-8,0,-5,-13,13224,0,58,13282,6.72%,6.75%,
104/09/11,-9,0,-1,-10,13232,0,63,13295,6.72%,6.75%,
104/09/10,19,0,0,19,13241,0,64,13305,6.73%,6.76%,
104/09/09,2,0,4,6,13222,0,64,13286,6.72%,6.75%,
104/09/08,-51,0,-6,-57,13220,0,60,13280,6.72%,6.75%,
104/09/07,14,0,0,14,13271,0,66,13337,6.74%,6.77%,
104/09/04,-20,0,0,-20,13257,0,66,13323,6.74%,6.77%,
104/09/03,29,0,0,29,13277,0,66,13343,6.75%,6.78%,
104/09/02,-5,0,0,-5,13248,0,66,13314,6.73%,6.76%,
104/09/01,1,0,0,1,13253,0,66,13319,6.73%,6.76%,
104/08/31,-2,0,0,-2,13252,0,66,13318,6.73%,6.76%,
104/08/28,-22,0,0,-22,13254,0,66,13320,6.73%,6.76%,
104/08/27,-137,0,-7,-144,13276,0,66,13342,6.75%,6.78%,
104/08/26,-141,0,1,-140,13413,0,73,13486,6.82%,6.86%,
104/08/25,-57,0,-2,-59,13554,0,72,13626,6.89%,6.93%,
104/08/24,34,0,-1,33,13611,0,74,13685,6.92%,6.96%,
104/08/21,25,0,-1,24,13577,0,75,13652,6.90%,6.94%,
104/08/20,50,0,-9,41,13552,0,76,13628,6.89%,6.93%,
104/08/19,44,0,10,54,13502,0,85,13587,6.86%,6.90%,
104/08/18,32,0,-8,24,13448,0,75,13523,6.83%,6.87%,
104/08/17,-47,0,0,-47,13385,0,83,13468,6.80%,6.84%,
104/08/14,10,0,2,12,13432,0,83,13515,6.82%,6.86%,
104/08/13,18,0,-8,10,13410,0,81,13491,6.81%,6.85%,
104/08/12,25,0,18,43,13392,0,89,13481,6.80%,6.85%,
104/08/11,-6,0,-7,-13,13367,0,71,13438,6.79%,6.83%,
104/08/10,56,0,-13,43,13373,0,78,13451,6.79%,6.83%,
104/08/07,68,0,-2,66,13317,0,91,13408,6.77%,6.82%,
104/08/06,-12,0,-3,-15,13249,0,93,13342,6.73%,6.78%,
104/08/05,27,0,0,27,13261,0,96,13357,6.74%,6.79%,
104/08/04,26,0,25,51,13234,0,96,13330,6.72%,6.77%,
104/08/03,-12,0,-3,-15,13208,0,71,13279,6.71%,6.75%,
104/07/31,-12,0,2,-10,13220,0,74,13294,6.72%,6.76%,
104/07/30,30,0,-3,27,13232,0,72,13304,6.72%,6.76%,
104/07/29,-56,0,1,-55,13202,0,75,13277,6.71%,6.75%,
104/07/28,-152,0,-15,-167,13258,0,74,13332,6.74%,6.78%,
104/07/27,-5,0,16,11,13410,0,89,13499,6.81%,6.86%,
104/07/24,43,0,0,43,13415,0,73,13488,6.82%,6.86%,
104/07/23,159,0,0,159,13372,0,73,13445,6.79%,6.83%,
104/07/22,27,0,7,34,13213,0,73,13286,6.71%,6.75%,
104/07/21,2,0,0,2,13186,0,66,13252,6.70%,6.73%,
104/07/20,-46,0,0,-46,13184,0,66,13250,6.70%,6.73%,
104/07/17,11,0,0,11,13180,0,66,13246,6.70%,6.73%,
104/07/16,20,0,0,20,13169,0,66,13235,6.69%,6.72%,
104/07/15,-10,0,0,-10,13149,0,66,13215,6.68%,6.71%,
104/07/14,3,0,-3,0,13159,0,66,13225,6.69%,6.72%,
104/07/13,9,0,-10,-1,13156,0,69,13225,6.68%,6.72%,
104/07/09,-24,0,9,-15,13147,0,79,13226,6.68%,6.72%,
104/07/08,44,0,3,47,13205,0,70,13275,6.71%,6.75%,
104/07/07,25,0,0,25,13161,0,67,13228,6.69%,6.72%,
104/07/06,-17,0,0,-17,13136,0,67,13203,6.67%,6.70%,
104/07/03,-28,0,0,-28,13153,0,67,13220,6.68%,6.71%,
104/07/02,-7,0,0,-7,13181,0,67,13248,6.70%,6.73%,
104/07/01,35,0,2,37,13188,0,67,13255,6.70%,6.73%,
104/06/30,13,0,0,13,13153,0,65,13218,6.68%,6.71%,
104/06/29,-31,0,0,-31,13193,0,65,13258,6.70%,6.73%,
104/06/26,10,0,-3,7,13224,0,65,13289,6.72%,6.75%,
104/06/25,31,0,2,33,13214,0,68,13282,6.71%,6.74%,
104/06/24,-26,0,0,-26,13173,0,66,13239,6.69%,6.72%,
104/06/23,-12,0,0,-12,13199,0,66,13265,6.71%,6.74%,
104/06/22,-41,0,-1,-42,13211,0,66,13277,6.71%,6.74%,
104/06/18,-13,0,0,-13,13266,0,67,13333,6.74%,6.77%,
104/06/17,-105,0,0,-105,13279,0,67,13346,6.75%,6.78%,
104/06/16,-118,0,0,-118,13384,0,67,13451,6.80%,6.83%,
104/06/15,-8,0,0,-8,13488,0,67,13555,6.85%,6.88%,
104/06/12,-20,0,0,-20,13496,0,67,13563,6.86%,6.89%,
104/06/11,-40,0,0,-40,13516,0,67,13583,6.87%,6.90%,
104/06/10,-8,0,-2,-10,13556,0,67,13623,6.89%,6.92%,
104/06/09,-8,0,-2,-10,13564,0,69,13633,6.89%,6.93%,
104/06/08,6,0,18,24,13572,0,71,13643,6.90%,6.94%,
104/06/05,-69,0,0,-69,13566,0,53,13619,6.89%,6.92%,
104/06/04,13,0,0,13,13635,0,53,13688,6.93%,6.96%,
104/06/03,-19,0,0,-19,13622,0,53,13675,6.92%,6.95%,
104/06/02,-9,0,0,-9,13641,0,53,13694,6.93%,6.96%,
104/06/01,-101,0,0,-101,13650,0,53,13703,6.94%,6.97%,
104/05/29,47,0,0,47,13751,0,53,13804,6.99%,7.02%,
104/05/28,-17,0,1,-16,13704,0,53,13757,6.96%,6.99%,
104/05/27,23,0,-15,8,13725,0,52,13777,6.97%,7.00%,
104/05/26,32,0,0,32,13702,0,67,13769,6.96%,6.99%,
104/05/25,-27,0,-2,-29,13670,0,67,13737,6.95%,6.98%,
104/05/22,-29,0,-1,-30,13697,0,69,13766,6.96%,7.00%,
104/05/21,-5,0,-8,-13,13726,0,70,13796,6.97%,7.01%,
104/05/20,-42,0,-4,-46,13731,0,78,13809,6.98%,7.02%,
104/05/19,36,0,0,36,11469,0,82,11551,5.83%,5.87%,
104/05/18,58,0,11,69,11433,0,82,11515,5.81%,5.85%,
104/05/15,-26,0,-4,-30,11376,0,71,11447,5.78%,5.82%,
104/05/14,-14,0,-4,-18,11402,0,75,11477,5.79%,5.83%,
104/05/13,32,0,0,32,11416,0,79,11495,5.80%,5.84%,
104/05/12,0,0,-7,-7,11383,0,79,11462,5.78%,5.82%,
104/05/11,11,0,10,21,11383,0,86,11469,5.78%,5.82%,
104/05/08,-9,0,0,-9,11372,0,76,11448,5.78%,5.82%,
104/05/07,27,0,0,27,11381,0,76,11457,5.78%,5.82%,
104/05/06,162,0,1,163,11344,0,76,11420,5.76%,5.80%,
104/05/05,74,0,0,74,11166,0,75,11241,5.67%,5.71%,
104/05/04,4,0,0,4,11075,0,75,11150,5.63%,5.67%,
104/04/30,37,0,-3,34,11057,0,75,11132,5.62%,5.66%,
104/04/29,115,0,8,123,11020,0,78,11098,5.60%,5.64%,
104/04/28,17,0,1,18,10905,0,70,10975,5.54%,5.58%,
104/04/27,-6,0,1,-5,10878,0,69,10947,5.53%,5.57%,
104/04/24,97,0,5,102,10884,0,68,10952,5.53%,5.56%,
104/04/23,-5,0,0,-5,10787,0,63,10850,5.48%,5.51%,
104/04/22,-38,0,1,-37,10792,0,63,10855,5.48%,5.51%,
104/04/21,-1,0,0,-1,10830,0,62,10892,5.50%,5.53%,
104/04/20,-8,0,1,-7,10831,0,62,10893,5.50%,5.53%,
104/04/17,-23,0,-8,-31,10839,0,61,10900,5.51%,5.54%,
104/04/16,-30,0,-9,-39,10862,0,69,10931,5.52%,5.56%,
104/04/15,-26,0,0,-26,10892,0,78,10970,5.53%,5.57%,
104/04/14,42,0,0,42,10918,0,78,10996,5.55%,5.59%,
104/04/13,-32,0,1,-31,10876,0,78,10954,5.53%,5.57%,
104/04/10,-35,0,0,-35,10908,0,77,10985,5.54%,5.58%,
104/04/09,-23,0,0,-23,10943,0,77,11020,5.56%,5.60%,
104/04/08,19,0,-1,18,10966,0,77,11043,5.57%,5.61%,
104/04/07,0,0,1,1,10947,0,78,11025,5.56%,5.60%,
104/04/02,-3,0,0,-3,10947,0,77,11024,5.56%,5.60%,
104/04/01,37,0,0,37,10950,0,77,11027,5.56%,5.60%,
104/03/31,-10,0,1,-9,10913,0,77,10990,5.54%,5.58%,
104/03/30,-28,0,1,-27,10923,0,76,10999,5.55%,5.59%,
104/03/27,7,0,2,9,10951,0,75,11026,5.56%,5.60%,
104/03/26,25,0,11,36,10944,0,73,11017,5.56%,5.60%,
104/03/25,19,0,2,21,10937,0,62,10999,5.56%,5.59%,
104/03/24,65,0,0,65,10963,0,60,11023,5.57%,5.60%,
104/03/23,-42,0,0,-42,10898,0,60,10958,5.54%,5.57%,
104/03/20,-204,0,0,-204,10940,0,60,11000,5.56%,5.59%,
104/03/19,-108,0,1,-107,11144,0,60,11204,5.66%,5.69%,
104/03/18,-186,0,-1,-187,11255,0,59,11314,5.72%,5.75%,
104/03/17,-117,0,-9,-126,11444,0,60,11504,5.81%,5.84%,
104/03/16,6,0,1,7,11561,0,69,11630,5.87%,5.91%,
104/03/13,14,0,-6,8,11555,0,68,11623,5.87%,5.90%,
104/03/12,11,0,0,11,11523,0,74,11597,5.85%,5.89%,
104/03/11,-9,0,-2,-11,11512,0,74,11586,5.85%,5.89%,
104/03/10,1,0,0,1,11521,0,76,11597,5.85%,5.89%,
104/03/09,4,0,-1,3,11465,0,76,11541,5.82%,5.86%,
104/03/06,54,0,-2,52,11461,0,77,11538,5.82%,5.86%,
104/03/05,-16,0,-2,-18,11407,0,79,11486,5.80%,5.84%,
104/03/04,41,0,0,41,11423,0,81,11504,5.80%,5.84%,
104/03/03,20,0,0,20,11382,0,81,11463,5.78%,5.82%,
104/03/02,14,0,3,17,11351,0,81,11432,5.77%,5.81%,
104/02/26,19,0,0,19,11337,0,78,11415,5.76%,5.80%,
104/02/25,31,0,-3,28,11318,0,78,11396,5.75%,5.79%,
104/02/24,1,0,15,16,11287,0,81,11368,5.73%,5.77%,
104/02/13,-10,0,-2,-12,11286,0,66,11352,5.73%,5.76%,
104/02/12,-11,0,0,-11,11296,0,68,11364,5.74%,5.77%,
104/02/11,6,0,0,6,11307,0,68,11375,5.74%,5.77%,
104/02/10,-7,0,8,1,11301,0,68,11369,5.74%,5.77%,
104/02/09,3,0,1,4,11308,0,60,11368,5.74%,5.77%,
104/02/06,6,0,0,6,11305,0,59,11364,5.74%,5.77%,
104/02/05,0,0,0,0,11299,0,59,11358,5.74%,5.77%,
104/02/04,2,0,0,2,11299,0,59,11358,5.74%,5.77%,
104/02/03,19,0,0,19,11297,0,59,11356,5.74%,5.77%,
104/02/02,6,0,-14,-8,11278,0,59,11337,5.73%,5.76%,
104/01/30,38,0,11,49,11272,0,73,11345,5.73%,5.77%,
104/01/29,-76,0,1,-75,11234,0,62,11296,5.71%,5.74%,
104/01/28,-56,0,0,-56,11310,0,61,11371,5.75%,5.78%,
104/01/27,-131,0,0,-131,11366,0,61,11427,5.77%,5.80%,
104/01/26,-27,0,0,-27,11497,0,61,11558,5.84%,5.87%,
104/01/23,-23,0,0,-23,11524,0,61,11585,5.85%,5.88%,
104/01/22,7,0,0,7,11547,0,61,11608,5.87%,5.90%,
104/01/21,-28,0,-3,-31,11540,0,61,11601,5.86%,5.89%,
104/01/20,52,0,0,52,11568,0,64,11632,5.88%,5.91%,
104/01/19,11,0,0,11,11516,0,64,11580,5.85%,5.88%,
104/01/16,-53,0,0,-53,11505,0,64,11569,5.85%,5.88%,
104/01/15,-2,0,0,-2,11559,0,64,11623,5.87%,5.90%,
104/01/14,2,0,0,2,11561,0,64,11625,5.87%,5.90%,
104/01/13,30,0,0,30,11559,0,64,11623,5.87%,5.90%,
104/01/12,9,0,0,9,11529,0,64,11593,5.86%,5.89%,
104/01/09,18,0,2,20,11670,0,64,11734,5.93%,5.96%,
104/01/08,-11,0,-100,-111,11652,0,62,11714,5.92%,5.95%,
104/01/07,15,0,100,115,11663,0,162,11825,5.92%,6.00%,
104/01/06,-7,0,-1,-8,11648,0,62,11710,5.92%,5.95%,
104/01/05,16,0,0,16,11655,0,63,11718,5.92%,5.95%,
