﻿日期,外資買賣超,投信買賣超,自營商買賣超,單日合計買賣超,外資估計持股,投信估計持股,自營商估計持股,單日合計估計持股,外資持股比重,三大法人持股比重,
107/03/31,0,0,0,0,27420,0,0,27420,71.85%,71.85%,
107/03/30,0,0,0,0,27420,0,0,27420,71.85%,71.85%,
107/03/29,0,0,-116,-116,27420,0,0,27420,71.85%,71.85%,
107/03/28,0,0,0,0,27420,0,0,27420,71.85%,71.85%,
107/03/27,0,0,-24,-24,27420,0,0,27420,71.85%,71.85%,
107/03/26,0,0,-10,-10,27420,0,0,27420,71.85%,71.85%,
107/03/23,-1,0,0,-1,27420,0,0,27420,71.85%,71.85%,
107/03/22,-3,0,-7,-10,27421,0,0,27421,71.85%,71.85%,
107/03/21,-2,0,-140,-142,27424,0,0,27424,71.86%,71.86%,
107/03/20,0,0,-81,-81,27426,0,0,27426,71.87%,71.87%,
107/03/19,0,0,-70,-70,27426,0,0,27426,71.87%,71.87%,
107/03/16,-13,0,0,-13,27426,0,0,27426,71.87%,71.87%,
107/03/15,0,0,-100,-100,27439,0,0,27439,71.90%,71.90%,
107/03/14,-120,0,-207,-327,27439,0,0,27439,71.90%,71.90%,
107/03/13,115,0,-2,113,27559,0,1,27560,72.21%,72.21%,
107/03/12,4,0,0,4,27444,0,3,27447,71.91%,71.92%,
107/03/09,0,0,0,0,27440,0,3,27443,71.90%,71.91%,
107/03/08,4,0,0,4,27440,0,3,27443,71.90%,71.91%,
107/03/07,0,0,1,1,27436,0,3,27439,71.89%,71.90%,
107/03/06,0,0,0,0,27436,0,2,27438,71.89%,71.90%,
107/03/05,-1,0,0,-1,27436,0,2,27438,71.89%,71.90%,
107/03/02,0,0,0,0,27437,0,2,27439,71.89%,71.90%,
107/03/01,0,0,0,0,27437,0,2,27439,71.89%,71.90%,
107/02/27,0,0,0,0,27437,0,2,27439,71.89%,71.90%,
107/02/26,1,0,0,1,27437,0,2,27439,71.89%,71.90%,
107/02/23,3,0,1,4,27436,0,2,27438,71.89%,71.90%,
107/02/22,0,0,0,0,27433,0,1,27434,71.88%,71.88%,
107/02/21,0,0,0,0,27433,0,1,27434,71.88%,71.88%,
107/02/12,0,0,0,0,27433,0,1,27434,71.88%,71.88%,
107/02/09,6,0,0,6,27433,0,1,27434,71.88%,71.88%,
107/02/08,5,0,0,5,27427,0,1,27428,71.87%,71.87%,
107/02/07,6,0,0,6,27422,0,1,27423,71.85%,71.85%,
107/02/06,11,0,0,11,27416,0,1,27417,71.84%,71.84%,
107/02/05,0,0,0,0,27405,0,1,27406,71.81%,71.81%,
107/02/02,0,0,0,0,27405,0,1,27406,71.81%,71.81%,
107/02/01,0,0,0,0,27405,0,1,27406,71.81%,71.81%,
107/01/31,6,0,1,7,27405,0,1,27406,71.81%,71.81%,
107/01/30,0,0,0,0,27399,0,0,27399,71.79%,71.79%,
107/01/29,0,0,0,0,27399,0,0,27399,71.79%,71.79%,
107/01/26,0,0,0,0,27399,0,0,27399,71.79%,71.79%,
107/01/25,2,0,0,2,27399,0,0,27399,71.79%,71.79%,
107/01/24,1,0,0,1,27397,0,0,27397,71.79%,71.79%,
107/01/23,7,0,0,7,27396,0,0,27396,71.79%,71.79%,
107/01/22,0,0,0,0,27389,0,0,27389,71.77%,71.77%,
107/01/19,1,0,0,1,27389,0,0,27389,71.77%,71.77%,
107/01/18,3,0,0,3,27388,0,0,27388,71.77%,71.77%,
107/01/17,5,0,0,5,27385,0,0,27385,71.76%,71.76%,
107/01/16,2,0,0,2,27380,0,0,27380,71.74%,71.74%,
107/01/15,0,0,0,0,27378,0,0,27378,71.74%,71.74%,
107/01/12,10,0,0,10,27378,0,0,27378,71.74%,71.74%,
107/01/11,6,0,0,6,27368,0,0,27368,71.71%,71.71%,
107/01/10,36,0,0,36,27362,0,0,27362,71.70%,71.70%,
107/01/09,0,0,0,0,27326,0,0,27326,71.60%,71.60%,
107/01/08,-1,0,0,-1,27326,0,0,27326,71.60%,71.60%,
107/01/05,13,0,0,13,27327,0,0,27327,71.61%,71.61%,
107/01/04,1,0,0,1,27314,0,0,27314,71.57%,71.57%,
107/01/03,7,0,0,7,27313,0,0,27313,71.57%,71.57%,
107/01/02,0,0,0,0,27306,0,0,27306,71.55%,71.55%,
106/12/29,56,0,0,56,27306,0,0,27306,71.55%,71.55%,
106/12/28,0,0,0,0,27250,0,0,27250,71.40%,71.40%,
106/12/27,5,0,0,5,27250,0,0,27250,71.40%,71.40%,
106/12/26,7,0,0,7,27245,0,0,27245,71.39%,71.39%,
106/12/25,0,0,0,0,27238,0,0,27238,71.37%,71.37%,
106/12/22,0,0,0,0,27238,0,0,27238,71.37%,71.37%,
106/12/21,7,0,0,7,27238,0,0,27238,71.37%,71.37%,
106/12/20,0,0,0,0,27231,0,0,27231,71.35%,71.35%,
106/12/19,-3,0,0,-3,27231,0,0,27231,71.35%,71.35%,
106/12/18,2,0,0,2,27234,0,0,27234,71.36%,71.36%,
106/12/15,0,0,0,0,27232,0,0,27232,71.36%,71.36%,
106/12/14,6,0,0,6,27232,0,0,27232,71.36%,71.36%,
106/12/13,-3,0,-13,-16,27226,0,0,27226,71.34%,71.34%,
106/12/12,-2,0,0,-2,27229,0,0,27229,71.35%,71.35%,
106/12/11,-3,0,0,-3,27231,0,0,27231,71.35%,71.35%,
106/12/08,5,0,-3,2,27234,0,0,27234,71.36%,71.36%,
106/12/07,0,0,0,0,27229,0,0,27229,71.35%,71.35%,
106/12/06,-1,0,0,-1,27229,0,0,27229,71.35%,71.35%,
106/12/05,0,0,0,0,27230,0,0,27230,71.35%,71.35%,
106/12/04,0,0,0,0,27230,0,0,27230,71.35%,71.35%,
106/12/01,15,0,0,15,27230,0,0,27230,71.35%,71.35%,
106/11/30,19,0,0,19,27215,0,0,27215,71.31%,71.31%,
106/11/29,4,0,-5,-1,27196,0,0,27196,71.26%,71.26%,
106/11/28,0,0,-6,-6,27192,0,0,27192,71.25%,71.25%,
106/11/27,2,0,0,2,27192,0,6,27198,71.25%,71.27%,
106/11/24,4,0,0,4,27190,0,6,27196,71.25%,71.27%,
106/11/23,3,0,0,3,27186,0,6,27192,71.24%,71.26%,
106/11/22,1,0,0,1,27183,0,6,27189,71.23%,71.25%,
106/11/21,0,0,0,0,27182,0,6,27188,71.23%,71.25%,
106/11/20,4,0,0,4,27182,0,6,27188,71.23%,71.25%,
106/11/17,0,0,0,0,27178,0,6,27184,71.22%,71.24%,
106/11/16,-2,0,-3,-5,27178,0,6,27184,71.22%,71.24%,
106/11/15,-5,0,0,-5,27180,0,9,27189,71.22%,71.24%,
106/11/14,-2,0,0,-2,27185,0,9,27194,71.23%,71.25%,
106/11/13,-3,0,0,-3,27187,0,9,27196,71.24%,71.26%,
106/11/10,0,0,0,0,27190,0,9,27199,71.25%,71.27%,
106/11/09,-1,0,0,-1,27190,0,9,27199,71.25%,71.27%,
106/11/08,-8,0,0,-8,27191,0,9,27200,71.25%,71.27%,
106/11/07,10,0,0,10,27199,0,9,27208,71.27%,71.29%,
106/11/06,8,0,0,8,27189,0,9,27198,71.24%,71.26%,
106/11/03,2,0,0,2,27181,0,9,27190,71.22%,71.24%,
106/11/02,1,0,0,1,27179,0,9,27188,71.22%,71.24%,
106/11/01,0,0,0,0,27178,0,9,27187,71.22%,71.24%,
106/10/31,4,0,0,4,27178,0,9,27187,71.22%,71.24%,
106/10/30,3,0,0,3,27174,0,9,27183,71.20%,71.22%,
106/10/27,19,0,0,19,27171,0,9,27180,71.20%,71.22%,
106/10/26,-4,0,0,-4,27152,0,9,27161,71.15%,71.17%,
106/10/25,30,0,0,30,27156,0,9,27165,71.16%,71.18%,
106/10/24,32,0,0,32,27126,0,9,27135,71.08%,71.10%,
106/10/23,0,0,0,0,27094,0,9,27103,71.00%,71.02%,
106/10/20,13,0,-1,12,27094,0,9,27103,71.00%,71.02%,
106/10/19,0,0,0,0,27081,0,10,27091,70.96%,70.99%,
106/10/18,6,0,0,6,27081,0,10,27091,70.96%,70.99%,
106/10/17,13,0,0,13,27075,0,10,27085,70.95%,70.98%,
106/10/16,21,0,0,21,27062,0,10,27072,70.91%,70.94%,
106/10/13,12,0,0,12,27041,0,10,27051,70.86%,70.89%,
106/10/12,0,0,0,0,27029,0,10,27039,70.82%,70.85%,
106/10/11,0,0,0,0,27029,0,10,27039,70.82%,70.85%,
106/10/06,-2,0,0,-2,27029,0,10,27039,70.82%,70.85%,
106/10/05,10,0,0,10,27031,0,10,27041,70.83%,70.86%,
106/10/03,-1,0,0,-1,27021,0,10,27031,70.80%,70.83%,
106/10/02,13,0,0,13,27022,0,10,27032,70.81%,70.84%,
106/09/30,48,0,3,51,27009,0,10,27019,70.77%,70.80%,
106/09/29,26,0,0,26,26961,0,7,26968,70.65%,70.67%,
106/09/28,2,0,0,2,26935,0,7,26942,70.58%,70.60%,
106/09/27,11,0,0,11,26933,0,7,26940,70.57%,70.59%,
106/09/26,-2,0,0,-2,26922,0,7,26929,70.54%,70.56%,
106/09/25,-1,0,0,-1,26924,0,7,26931,70.55%,70.57%,
106/09/22,-2,0,-2,-4,26925,0,7,26932,70.55%,70.57%,
106/09/21,-1,0,0,-1,26927,0,9,26936,70.56%,70.58%,
106/09/20,-5,0,0,-5,26928,0,9,26937,70.56%,70.58%,
106/09/19,-1,0,-5,-6,26933,0,9,26942,70.57%,70.59%,
106/09/18,0,0,-1,-1,26934,0,14,26948,70.58%,70.62%,
106/09/15,0,0,-7,-7,26934,0,15,26949,70.58%,70.62%,
106/09/14,0,0,-3,-3,26934,0,22,26956,70.58%,70.64%,
106/09/13,0,0,4,4,26934,0,25,26959,70.58%,70.65%,
106/09/12,0,0,0,0,26934,0,21,26955,70.58%,70.64%,
106/09/11,-3,0,0,-3,26934,0,21,26955,70.58%,70.64%,
106/09/08,0,0,2,2,26937,0,21,26958,70.58%,70.64%,
106/09/07,-1,0,6,5,26937,0,19,26956,70.58%,70.63%,
106/09/06,1,0,1,2,26938,0,13,26951,70.59%,70.62%,
106/09/05,0,0,6,6,26937,0,12,26949,70.58%,70.61%,
106/09/04,-1,0,0,-1,26937,0,6,26943,70.58%,70.60%,
106/09/01,0,0,1,1,26938,0,6,26944,70.59%,70.61%,
106/08/31,2,0,0,2,26938,0,5,26943,70.59%,70.60%,
106/08/30,2,0,4,6,26936,0,5,26941,70.58%,70.59%,
106/08/29,1,0,0,1,26934,0,1,26935,70.58%,70.58%,
106/08/28,5,0,0,5,26933,0,1,26934,70.57%,70.57%,
106/08/25,2,0,0,2,26928,0,1,26929,70.56%,70.56%,
106/08/24,5,0,0,5,26926,0,1,26927,70.55%,70.55%,
106/08/23,2,0,1,3,26921,0,1,26922,70.54%,70.54%,
106/08/22,0,0,0,0,26919,0,0,26919,70.54%,70.54%,
106/08/21,-16,0,0,-16,26919,0,0,26919,70.54%,70.54%,
106/08/18,1,0,0,1,26935,0,0,26935,70.58%,70.58%,
106/08/17,19,0,0,19,26934,0,0,26934,70.58%,70.58%,
106/08/16,6,0,0,6,26915,0,0,26915,70.53%,70.53%,
106/08/15,7,0,-6,1,26909,0,0,26909,70.51%,70.51%,
106/08/14,0,0,0,0,26902,0,6,26908,70.49%,70.51%,
106/08/11,0,0,-11,-11,26902,0,6,26908,70.49%,70.51%,
106/08/10,-1,0,6,5,26902,0,17,26919,70.49%,70.53%,
106/08/09,3,0,2,5,26903,0,11,26914,70.49%,70.52%,
106/08/08,5,0,9,14,26900,0,9,26909,70.49%,70.51%,
106/08/07,-1,0,0,-1,26895,0,0,26895,70.47%,70.47%,
106/08/04,0,0,0,0,26896,0,0,26896,70.48%,70.48%,
106/08/03,0,0,0,0,26896,0,0,26896,70.48%,70.48%,
106/08/02,0,0,0,0,26896,0,0,26896,70.48%,70.48%,
106/08/01,-1,0,0,-1,26896,0,0,26896,70.48%,70.48%,
106/07/31,0,0,0,0,26897,0,0,26897,70.48%,70.48%,
106/07/28,-1,0,0,-1,26897,0,0,26897,70.48%,70.48%,
106/07/27,1,0,0,1,26898,0,0,26898,70.48%,70.48%,
106/07/26,2,0,0,2,26897,0,0,26897,70.48%,70.48%,
106/07/25,0,0,0,0,26895,0,0,26895,70.47%,70.47%,
106/07/24,0,0,0,0,26895,0,0,26895,70.47%,70.47%,
106/07/21,0,0,0,0,26895,0,0,26895,70.47%,70.47%,
106/07/20,0,0,0,0,26895,0,0,26895,70.47%,70.47%,
106/07/19,0,0,0,0,26895,0,0,26895,70.47%,70.47%,
106/07/18,-5,0,0,-5,26895,0,0,26895,70.47%,70.47%,
106/07/17,0,0,0,0,26900,0,0,26900,70.49%,70.49%,
106/07/14,-5,0,0,-5,26900,0,0,26900,70.49%,70.49%,
106/07/13,0,0,0,0,26905,0,0,26905,70.50%,70.50%,
106/07/12,0,0,0,0,26905,0,0,26905,70.50%,70.50%,
106/07/11,0,0,-7,-7,26905,0,0,26905,70.50%,70.50%,
106/07/10,-3,0,7,4,26905,0,7,26912,70.50%,70.52%,
106/07/07,-3,0,0,-3,26908,0,0,26908,70.51%,70.51%,
106/07/06,-7,0,-5,-12,26911,0,0,26911,70.52%,70.52%,
106/07/05,23,0,-55,-32,26918,0,0,26918,70.53%,70.53%,
106/07/04,0,0,-1,-1,26895,0,0,26895,70.47%,70.47%,
106/07/03,-6,0,0,-6,26895,0,0,26895,70.47%,70.47%,
106/06/30,6,0,0,6,26901,0,0,26901,70.49%,70.49%,
106/06/29,-6,0,-0,-6,26895,0,0,26895,70.47%,70.47%,
106/06/28,6,0,0,6,26901,0,0,26901,70.49%,70.49%,
106/06/27,0,0,0,0,26895,0,0,26895,70.47%,70.47%,
106/06/26,-30,0,0,-30,26895,0,0,26895,70.47%,70.47%,
106/06/23,0,--,--,0,0,--,--,0,0.00%,--,
