107/03/01,23651325,355329627,14.00,15.50,13.85,15.50,+1.40,6202,
107/03/02,39854566,612788325,15.40,16.20,14.30,14.55,-0.95,13520,
107/03/05,16359045,229940554,14.50,14.85,13.30,13.55,-1.00,5694,
107/03/06,8022339,110177726,13.80,14.05,13.50,13.60,+0.05,2974,
107/03/07,9983193,131866694,13.55,13.90,12.75,13.00,-0.60,3355,
107/03/08,4521500,58658996,13.30,13.30,12.75,12.95,-0.05,1503,
107/03/09,2759500,35717722,13.05,13.15,12.75,12.75,-0.20,1037,
107/03/12,11499942,154756308,12.95,13.95,12.80,13.70,+0.95,3774,
107/03/13,6300792,85382042,13.70,13.95,13.30,13.30,-0.40,2323,
107/03/14,2834238,38065938,13.30,13.60,13.30,13.35,+0.05,1032,
107/03/15,1992600,26239230,13.35,13.40,13.05,13.10,-0.25,745,
107/03/16,2681351,34460593,13.20,13.25,12.65,12.80,-0.30,1061,
107/03/19,2855540,36036474,12.70,12.85,12.50,12.50,-0.30,909,
107/03/20,5031135,64922011,12.60,13.15,12.55,12.80,+0.30,1929,
107/03/21,2642677,33386011,12.85,13.00,12.45,12.45,-0.35,1040,
107/03/22,3749930,45326120,12.55,12.55,11.85,11.90,-0.55,1385,
107/03/23,2075250,23721050,11.30,11.65,11.15,11.40,-0.50,921,
107/03/26,1763425,20641214,11.65,11.95,11.50,11.80,+0.40,811,
107/03/27,1521102,18252463,11.95,12.15,11.90,11.90,+0.10,571,
107/03/28,1181600,13691120,11.75,11.75,11.50,11.60,-0.30,460,
107/03/29,4451501,53451662,11.75,12.25,11.60,12.05,+0.45,1352,
107/03/30,4256370,52906638,12.30,12.60,12.30,12.50,+0.45,1518,
107/03/31,5568278,71742173,12.60,13.15,12.55,12.60,+0.10,1999,
107/02/01,5791367,66647746,11.40,11.85,11.25,11.40,-0.25,1995,
107/02/02,2928700,33663110,11.55,11.70,11.25,11.35,-0.05,1039,
107/02/05,12276405,145816656,10.90,12.25,10.80,11.75,+0.40,4074,
107/02/06,12094350,138298830,11.65,12.20,10.60,10.80,-0.95,4204,
107/02/07,5451100,62331374,11.25,11.75,11.10,11.20,+0.40,2062,
107/02/08,6184250,70772937,11.55,11.90,11.05,11.30,+0.10,2334,
107/02/09,8211046,94194726,10.80,11.80,10.80,11.55,+0.25,2791,
107/02/12,4630000,53277848,11.60,11.80,11.25,11.40,-0.15,1621,
107/02/21,4280050,49205170,11.65,11.70,11.30,11.45,+0.05,1481,
107/02/22,10088033,124794003,11.60,12.55,11.50,12.55,+1.10,2497,
107/02/23,8795097,120229228,13.50,13.80,13.35,13.80,+1.25,2016,
107/02/26,28784645,417425979,14.55,15.10,13.90,14.20,+0.40,9521,
107/02/27,10820496,151509744,14.20,14.65,13.50,14.10,-0.10,3988,
107/01/02,1465130,12808216,8.52,8.85,8.52,8.73,+0.23,403,
107/01/03,3964571,35191755,8.78,9.10,8.68,9.00,+0.27,708,
107/01/04,1577880,14549456,9.09,9.30,9.09,9.20,+0.20,500,
107/01/05,1022299,9267071,9.22,9.22,8.92,9.04,-0.16,333,
107/01/08,1167121,10640716,9.17,9.19,9.05,9.07,+0.03,250,
107/01/09,1103900,9946441,9.07,9.13,8.95,9.00,-0.07,239,
107/01/10,1085859,10028810,9.32,9.32,9.15,9.16,+0.16,358,
107/01/11,6427649,63868527,9.20,10.05,9.20,10.05,+0.89,1413,
107/01/12,13057015,143327881,11.05,11.05,10.55,11.05,+1.00,3199,
107/01/15,8536053,94828434,11.30,11.60,10.65,11.40,+0.35,2758,
107/01/16,3798634,42897056,11.15,11.65,11.05,11.40,0.00,1174,
107/01/17,7392100,88213317,11.50,12.30,11.50,11.70,+0.30,2495,
107/01/18,3557300,41089070,11.90,11.95,11.30,11.30,-0.40,997,
107/01/19,12140397,146826104,11.20,12.40,11.20,11.65,+0.35,3176,
107/01/22,4388303,49737022,11.55,11.80,10.90,11.40,-0.25,1451,
107/01/23,1632560,18240910,11.50,11.50,11.00,11.05,-0.35,582,
107/01/24,2885611,31289945,11.25,11.25,10.55,10.90,-0.15,850,
107/01/25,14525405,171942221,10.85,11.95,10.80,11.95,+1.05,2673,
107/01/26,18512800,224601958,12.25,12.45,11.75,12.25,+0.30,4796,
107/01/29,5658200,68138805,12.25,12.35,11.80,11.85,-0.40,1810,
107/01/30,4576776,51318756,11.60,11.70,10.75,10.90,-0.95,1637,
107/01/31,16172870,189184791,10.80,11.95,10.60,11.65,+0.75,3971,
106/12/01,622450,4808595,7.72,7.76,7.61,7.75,+0.13,84,
106/12/04,89500,699240,7.85,7.85,7.73,7.75,0.00,39,
106/12/05,68200,527470,7.85,7.85,7.70,7.75,0.00,32,
106/12/06,309250,2404314,7.85,8.00,7.60,7.70,-0.05,97,
106/12/07,76500,584630,7.66,7.70,7.61,7.61,-0.09,40,
106/12/08,168500,1278210,7.61,7.65,7.56,7.58,-0.03,51,
106/12/11,207100,1590986,7.67,7.70,7.66,7.66,+0.08,48,
106/12/12,149050,1146512,7.68,7.74,7.64,7.64,-0.02,37,
106/12/13,121550,937164,7.70,7.73,7.69,7.69,+0.05,27,
106/12/14,46000,355270,7.73,7.75,7.69,7.73,+0.04,22,
106/12/15,83300,645140,7.78,7.78,7.67,7.76,+0.03,30,
106/12/18,91500,710860,7.76,7.80,7.67,7.76,0.00,27,
106/12/19,70251,545927,7.80,7.82,7.76,7.76,0.00,23,
106/12/20,111299,866996,7.76,7.83,7.76,7.78,+0.02,30,
106/12/21,341100,2675120,7.81,7.88,7.78,7.83,+0.05,76,
106/12/22,422960,3372409,7.92,8.04,7.91,7.96,+0.13,116,
106/12/25,557900,4513500,8.01,8.17,8.01,8.04,+0.08,142,
106/12/26,888640,7245064,8.08,8.18,8.08,8.14,+0.10,287,
106/12/27,718990,5907718,8.14,8.25,8.14,8.19,+0.05,218,
106/12/28,2400758,20129917,8.22,8.52,8.22,8.38,+0.19,535,
106/12/29,855930,7265501,8.52,8.54,8.44,8.50,+0.12,254,
106/11/01,68762,539032,7.85,7.87,7.82,7.83,-0.02,30,
106/11/02,348430,2742265,7.82,7.95,7.81,7.92,+0.09,138,
106/11/03,342250,2719729,7.90,7.97,7.90,7.96,+0.04,68,
106/11/06,177850,1422385,8.04,8.04,7.96,8.00,+0.04,59,
106/11/07,259958,2079994,8.00,8.02,8.00,8.00,0.00,79,
106/11/08,68100,542480,8.02,8.02,7.94,7.96,-0.04,25,
106/11/09,290750,2319215,7.99,8.01,7.94,7.97,+0.01,68,
106/11/10,176200,1410980,8.06,8.06,7.97,8.01,+0.04,56,
106/11/13,174800,1402070,8.01,8.04,8.01,8.01,0.00,55,
106/11/14,166900,1325108,7.93,7.99,7.90,7.91,-0.10,44,
106/11/15,264351,2083882,7.90,7.93,7.85,7.86,-0.05,82,
106/11/16,73700,577472,7.88,7.90,7.79,7.79,-0.07,31,
106/11/17,90980,707650,7.82,7.91,7.74,7.74,-0.05,45,
106/11/20,158258,1213010,7.74,7.74,7.62,7.63,-0.11,59,
106/11/21,666333,5049098,7.63,7.72,7.51,7.60,-0.03,148,
106/11/22,324650,2478771,7.59,7.73,7.56,7.70,+0.10,89,
106/11/23,101917,781092,7.66,7.70,7.65,7.67,-0.03,41,
106/11/24,49900,383348,7.68,7.70,7.65,7.69,+0.02,25,
106/11/27,97250,742585,7.69,7.69,7.62,7.62,-0.07,26,
106/11/28,126510,961213,7.61,7.71,7.57,7.58,-0.04,48,
106/11/29,160750,1236120,7.64,7.75,7.63,7.64,+0.06,46,
106/11/30,70300,536785,7.73,7.73,7.59,7.62,-0.02,33,
106/10/02,39000,305680,7.90,7.90,7.82,7.84,0.00,16,
106/10/03,55000,430500,7.84,7.85,7.80,7.80,-0.04,25,
106/10/05,108117,844972,7.80,7.85,7.80,7.85,+0.05,31,
106/10/06,616558,4911494,7.85,8.03,7.85,8.00,+0.15,126,
106/10/11,310142,2481146,7.94,8.04,7.94,8.02,+0.02,96,
106/10/12,223038,1785184,8.00,8.05,8.00,8.01,-0.01,67,
106/10/13,147000,1183800,8.10,8.13,8.00,8.07,+0.06,44,
106/10/16,164608,1310698,8.09,8.09,7.91,7.97,-0.10,89,
106/10/17,276992,2200749,7.94,8.00,7.92,8.00,+0.03,95,
106/10/18,158400,1261050,8.02,8.02,7.92,7.96,-0.04,62,
106/10/19,97450,775638,7.96,8.00,7.92,7.94,-0.02,47,
106/10/20,51995,412272,7.91,7.96,7.91,7.93,-0.01,40,
106/10/23,59198,470665,7.93,7.99,7.93,7.96,+0.03,41,
106/10/24,140325,1112840,7.95,7.99,7.90,7.92,-0.04,51,
106/10/25,159953,1265474,7.95,7.95,7.90,7.90,-0.02,60,
106/10/26,96937,766789,7.87,7.99,7.87,7.92,+0.02,50,
106/10/27,132900,1049600,7.95,7.95,7.87,7.92,0.00,33,
106/10/30,199250,1568532,7.95,7.95,7.85,7.85,-0.07,68,
106/10/31,89750,705697,7.85,7.90,7.85,7.85,0.00,32,
106/09/01,252200,2023470,8.04,8.04,8.01,8.01,-0.03,56,
106/09/04,357000,2866460,8.05,8.06,8.00,8.01,0.00,75,
106/09/05,267000,2138920,8.02,8.04,8.00,8.03,+0.02,75,
106/09/06,317103,2540634,8.06,8.06,8.00,8.00,-0.03,97,
106/09/07,224797,1815159,8.05,8.10,8.03,8.08,+0.08,63,
106/09/08,90000,724610,8.09,8.09,8.03,8.07,-0.01,32,
106/09/11,171001,1373448,8.07,8.07,8.00,8.02,-0.05,50,
106/09/12,180000,1447890,8.04,8.08,8.02,8.02,0.00,55,
106/09/13,343000,2745630,8.00,8.07,8.00,8.00,-0.02,95,
106/09/14,137188,1103345,8.05,8.05,8.01,8.01,+0.01,35,
106/09/15,84623,678294,8.16,8.16,8.00,8.03,+0.02,32,
106/09/18,138000,1105240,8.03,8.03,8.00,8.00,-0.03,49,
106/09/19,291000,2316610,8.02,8.02,7.92,7.92,-0.08,71,
106/09/20,90000,712660,7.92,7.95,7.90,7.91,-0.01,36,
106/09/21,205100,1629469,7.90,7.97,7.90,7.95,+0.04,85,
106/09/22,259051,2046868,7.95,7.95,7.88,7.88,-0.07,45,
106/09/25,247000,1937100,7.88,7.93,7.80,7.82,-0.06,112,
106/09/26,63000,489670,7.81,7.82,7.73,7.80,-0.02,30,
106/09/27,74000,579070,7.80,7.94,7.80,7.82,+0.02,30,
106/09/28,77000,603770,7.83,7.87,7.83,7.83,+0.01,23,
106/09/29,184000,1452140,7.92,7.92,7.82,7.89,+0.06,35,
106/09/30,64000,502530,7.94,7.94,7.84,7.84,-0.05,17,
106/12/01,622450,4808595,7.72,7.76,7.61,7.75,+0.13,84,
106/12/04,89500,699240,7.85,7.85,7.73,7.75,0.00,39,
106/12/05,68200,527470,7.85,7.85,7.70,7.75,0.00,32,
106/12/06,309250,2404314,7.85,8.00,7.60,7.70,-0.05,97,
106/12/07,76500,584630,7.66,7.70,7.61,7.61,-0.09,40,
106/12/08,168500,1278210,7.61,7.65,7.56,7.58,-0.03,51,
106/12/11,207100,1590986,7.67,7.70,7.66,7.66,+0.08,48,
106/12/12,149050,1146512,7.68,7.74,7.64,7.64,-0.02,37,
106/12/13,121550,937164,7.70,7.73,7.69,7.69,+0.05,27,
106/12/14,46000,355270,7.73,7.75,7.69,7.73,+0.04,22,
106/12/15,83300,645140,7.78,7.78,7.67,7.76,+0.03,30,
106/12/18,91500,710860,7.76,7.80,7.67,7.76,0.00,27,
106/12/19,70251,545927,7.80,7.82,7.76,7.76,0.00,23,
106/12/20,111299,866996,7.76,7.83,7.76,7.78,+0.02,30,
106/12/21,341100,2675120,7.81,7.88,7.78,7.83,+0.05,76,
106/12/22,422960,3372409,7.92,8.04,7.91,7.96,+0.13,116,
106/12/25,557900,4513500,8.01,8.17,8.01,8.04,+0.08,142,
106/12/26,888640,7245064,8.08,8.18,8.08,8.14,+0.10,287,
106/12/27,718990,5907718,8.14,8.25,8.14,8.19,+0.05,218,
106/12/28,2400758,20129917,8.22,8.52,8.22,8.38,+0.19,535,
106/12/29,855930,7265501,8.52,8.54,8.44,8.50,+0.12,254,
106/11/01,68762,539032,7.85,7.87,7.82,7.83,-0.02,30,
106/11/02,348430,2742265,7.82,7.95,7.81,7.92,+0.09,138,
106/11/03,342250,2719729,7.90,7.97,7.90,7.96,+0.04,68,
106/11/06,177850,1422385,8.04,8.04,7.96,8.00,+0.04,59,
106/11/07,259958,2079994,8.00,8.02,8.00,8.00,0.00,79,
106/11/08,68100,542480,8.02,8.02,7.94,7.96,-0.04,25,
106/11/09,290750,2319215,7.99,8.01,7.94,7.97,+0.01,68,
106/11/10,176200,1410980,8.06,8.06,7.97,8.01,+0.04,56,
106/11/13,174800,1402070,8.01,8.04,8.01,8.01,0.00,55,
106/11/14,166900,1325108,7.93,7.99,7.90,7.91,-0.10,44,
106/11/15,264351,2083882,7.90,7.93,7.85,7.86,-0.05,82,
106/11/16,73700,577472,7.88,7.90,7.79,7.79,-0.07,31,
106/11/17,90980,707650,7.82,7.91,7.74,7.74,-0.05,45,
106/11/20,158258,1213010,7.74,7.74,7.62,7.63,-0.11,59,
106/11/21,666333,5049098,7.63,7.72,7.51,7.60,-0.03,148,
106/11/22,324650,2478771,7.59,7.73,7.56,7.70,+0.10,89,
106/11/23,101917,781092,7.66,7.70,7.65,7.67,-0.03,41,
106/11/24,49900,383348,7.68,7.70,7.65,7.69,+0.02,25,
106/11/27,97250,742585,7.69,7.69,7.62,7.62,-0.07,26,
106/11/28,126510,961213,7.61,7.71,7.57,7.58,-0.04,48,
106/11/29,160750,1236120,7.64,7.75,7.63,7.64,+0.06,46,
106/11/30,70300,536785,7.73,7.73,7.59,7.62,-0.02,33,
106/10/02,39000,305680,7.90,7.90,7.82,7.84,0.00,16,
106/10/03,55000,430500,7.84,7.85,7.80,7.80,-0.04,25,
106/10/05,108117,844972,7.80,7.85,7.80,7.85,+0.05,31,
106/10/06,616558,4911494,7.85,8.03,7.85,8.00,+0.15,126,
106/10/11,310142,2481146,7.94,8.04,7.94,8.02,+0.02,96,
106/10/12,223038,1785184,8.00,8.05,8.00,8.01,-0.01,67,
106/10/13,147000,1183800,8.10,8.13,8.00,8.07,+0.06,44,
106/10/16,164608,1310698,8.09,8.09,7.91,7.97,-0.10,89,
106/10/17,276992,2200749,7.94,8.00,7.92,8.00,+0.03,95,
106/10/18,158400,1261050,8.02,8.02,7.92,7.96,-0.04,62,
106/10/19,97450,775638,7.96,8.00,7.92,7.94,-0.02,47,
106/10/20,51995,412272,7.91,7.96,7.91,7.93,-0.01,40,
106/10/23,59198,470665,7.93,7.99,7.93,7.96,+0.03,41,
106/10/24,140325,1112840,7.95,7.99,7.90,7.92,-0.04,51,
106/10/25,159953,1265474,7.95,7.95,7.90,7.90,-0.02,60,
106/10/26,96937,766789,7.87,7.99,7.87,7.92,+0.02,50,
106/10/27,132900,1049600,7.95,7.95,7.87,7.92,0.00,33,
106/10/30,199250,1568532,7.95,7.95,7.85,7.85,-0.07,68,
106/10/31,89750,705697,7.85,7.90,7.85,7.85,0.00,32,
106/09/01,252200,2023470,8.04,8.04,8.01,8.01,-0.03,56,
106/09/04,357000,2866460,8.05,8.06,8.00,8.01,0.00,75,
106/09/05,267000,2138920,8.02,8.04,8.00,8.03,+0.02,75,
106/09/06,317103,2540634,8.06,8.06,8.00,8.00,-0.03,97,
106/09/07,224797,1815159,8.05,8.10,8.03,8.08,+0.08,63,
106/09/08,90000,724610,8.09,8.09,8.03,8.07,-0.01,32,
106/09/11,171001,1373448,8.07,8.07,8.00,8.02,-0.05,50,
106/09/12,180000,1447890,8.04,8.08,8.02,8.02,0.00,55,
106/09/13,343000,2745630,8.00,8.07,8.00,8.00,-0.02,95,
106/09/14,137188,1103345,8.05,8.05,8.01,8.01,+0.01,35,
106/09/15,84623,678294,8.16,8.16,8.00,8.03,+0.02,32,
106/09/18,138000,1105240,8.03,8.03,8.00,8.00,-0.03,49,
106/09/19,291000,2316610,8.02,8.02,7.92,7.92,-0.08,71,
106/09/20,90000,712660,7.92,7.95,7.90,7.91,-0.01,36,
106/09/21,205100,1629469,7.90,7.97,7.90,7.95,+0.04,85,
106/09/22,259051,2046868,7.95,7.95,7.88,7.88,-0.07,45,
106/09/25,247000,1937100,7.88,7.93,7.80,7.82,-0.06,112,
106/09/26,63000,489670,7.81,7.82,7.73,7.80,-0.02,30,
106/09/27,74000,579070,7.80,7.94,7.80,7.82,+0.02,30,
106/09/28,77000,603770,7.83,7.87,7.83,7.83,+0.01,23,
106/09/29,184000,1452140,7.92,7.92,7.82,7.89,+0.06,35,
106/09/30,64000,502530,7.94,7.94,7.84,7.84,-0.05,17,
106/08/01,1800001,15114198,8.22,8.50,8.22,8.40,+0.23,505,
106/08/02,597510,4990533,8.47,8.47,8.30,8.38,-0.02,183,
106/08/03,324000,2697480,8.40,8.40,8.26,8.35,-0.03,102,
106/08/04,418001,3475208,8.38,8.38,8.25,8.31,-0.04,123,
106/08/07,655001,5497498,8.44,8.44,8.35,8.37,+0.06,169,
106/08/08,208000,1749510,8.40,8.45,8.36,8.40,+0.03,78,
106/08/09,348948,2926256,8.41,8.44,8.34,8.39,-0.01,102,
106/08/10,381000,3142260,8.39,8.39,8.17,8.18,-0.21,115,
106/08/11,323000,2636400,8.05,8.22,8.05,8.17,-0.01,86,
106/08/14,332000,2696170,8.28,8.28,8.07,8.07,-0.10,109,
106/08/15,143000,1158740,8.17,8.17,8.08,8.09,+0.02,44,
106/08/16,183000,1480590,8.09,8.15,8.06,8.09,0.00,77,
106/08/17,202000,1645700,8.11,8.18,8.11,8.13,+0.04,71,
106/08/18,302000,2450170,8.18,8.18,8.09,8.11,-0.02,76,
106/08/21,219010,1789338,8.16,8.20,8.13,8.18,+0.07,70,
106/08/22,1073410,8976474,8.25,8.43,8.25,8.39,+0.21,300,
106/08/23,632500,5112440,8.06,8.15,8.04,8.09,X0.00,199,
106/08/24,224200,1812856,8.09,8.15,8.07,8.09,0.00,83,
106/08/25,339500,2745800,8.09,8.13,8.06,8.08,-0.01,69,
106/08/28,130100,1050280,8.08,8.10,8.02,8.06,-0.02,39,
106/08/29,161120,1295952,8.08,8.08,8.02,8.02,-0.04,46,
106/08/30,237410,1912120,8.02,8.08,8.02,8.06,+0.04,59,
106/08/31,178000,1432540,8.06,8.06,8.03,8.04,-0.02,39,
106/07/03,254010,2060921,8.21,8.21,8.09,8.10,+0.01,78,
106/07/04,273000,2209470,8.10,8.10,8.06,8.08,-0.02,50,
106/07/05,94000,757680,8.03,8.13,8.03,8.06,-0.02,41,
106/07/06,102000,819840,8.03,8.09,8.02,8.04,-0.02,34,
106/07/07,58000,467590,8.10,8.10,8.05,8.05,+0.01,26,
106/07/10,190360,1525377,8.02,8.15,8.00,8.00,-0.05,64,
106/07/11,202000,1628400,8.01,8.08,8.01,8.06,+0.06,45,
106/07/12,121100,977559,8.06,8.11,8.03,8.07,+0.01,48,
106/07/13,146000,1182210,8.11,8.14,8.05,8.10,+0.03,47,
106/07/14,416103,3390395,8.14,8.18,8.06,8.15,+0.05,96,
106/07/17,296000,2394350,8.15,8.15,8.05,8.06,-0.09,86,
106/07/18,148000,1198580,8.10,8.13,8.05,8.13,+0.07,55,
106/07/19,312000,2539390,8.10,8.17,8.10,8.16,+0.03,93,
106/07/20,165000,1342540,8.16,8.16,8.11,8.13,-0.03,45,
106/07/21,145288,1177654,8.13,8.13,8.09,8.10,-0.03,46,
106/07/24,171000,1379810,8.10,8.15,8.05,8.05,-0.05,53,
106/07/25,74000,596510,8.05,8.10,8.05,8.06,+0.01,24,
106/07/26,110000,888140,8.09,8.10,8.05,8.06,0.00,41,
106/07/27,143934,1165372,8.10,8.14,8.06,8.08,+0.02,43,
106/07/28,110000,890250,8.15,8.15,8.08,8.09,+0.01,31,
106/07/31,404000,3296620,8.10,8.20,8.10,8.17,+0.08,104,
106/06/01,150000,1197690,8.00,8.03,7.91,7.91,-0.09,48,
106/06/02,157000,1253600,7.91,8.07,7.91,8.00,+0.09,41,
106/06/03,118000,943260,8.00,8.00,7.99,8.00,0.00,44,
106/06/05,271000,2163250,8.00,8.02,7.91,7.99,-0.01,60,
106/06/06,76000,604080,7.94,8.00,7.94,7.99,0.00,20,
106/06/07,376000,3007850,7.99,8.01,7.98,8.00,+0.01,73,
106/06/08,102000,814790,7.93,8.00,7.93,7.98,-0.02,27,
106/06/09,150000,1193710,7.98,7.99,7.93,7.99,+0.01,37,
106/06/12,135900,1078480,7.95,7.98,7.92,7.97,-0.02,26,
106/06/13,2868038,23684688,7.93,8.36,7.90,8.13,+0.16,793,
106/06/14,554000,4488570,8.21,8.23,8.03,8.15,+0.02,169,
106/06/15,147000,1188940,8.05,8.14,8.05,8.09,-0.06,69,
106/06/16,119000,962460,8.07,8.12,8.07,8.09,0.00,47,
106/06/19,131152,1058230,8.10,8.11,8.04,8.09,0.00,56,
106/06/20,264000,2121030,8.05,8.09,8.00,8.08,-0.01,77,
106/06/21,116000,929760,8.01,8.04,8.01,8.01,-0.07,43,
106/06/22,142000,1139740,8.02,8.04,8.01,8.03,+0.02,36,
106/06/23,172515,1383421,8.00,8.06,8.00,8.02,-0.01,47,
106/06/26,119000,957530,8.02,8.14,8.01,8.06,+0.04,48,
106/06/27,106000,850970,8.01,8.09,8.01,8.02,-0.04,44,
106/06/28,196000,1577200,8.07,8.09,8.00,8.02,0.00,76,
106/06/29,158000,1274300,8.04,8.10,8.03,8.04,+0.02,66,
106/06/30,110000,889300,8.04,8.11,8.04,8.09,+0.05,51,
106/05/02,147000,1184630,8.05,8.08,8.03,8.08,+0.06,43,
106/05/03,141000,1140960,8.08,8.15,8.06,8.06,-0.02,44,
106/05/04,178000,1429950,8.03,8.11,8.01,8.01,-0.05,81,
106/05/05,459200,3637458,8.02,8.02,7.81,7.89,-0.12,133,
106/05/08,463000,3588520,7.88,7.88,7.68,7.68,-0.21,151,
106/05/09,179000,1372220,7.70,7.80,7.59,7.60,-0.08,54,
106/05/10,160319,1234579,7.59,7.76,7.59,7.75,+0.15,64,
106/05/11,248000,1915110,7.84,7.84,7.60,7.70,-0.05,76,
106/05/12,169381,1298062,7.70,7.75,7.63,7.68,-0.02,57,
106/05/15,369000,2838850,7.66,8.02,7.62,7.63,-0.05,118,
106/05/16,163000,1250380,7.67,7.75,7.65,7.67,+0.04,48,
106/05/17,66000,505190,7.68,7.70,7.62,7.64,-0.03,24,
106/05/18,72000,548440,7.52,7.64,7.52,7.63,-0.01,25,
106/05/19,98000,746830,7.63,7.65,7.61,7.65,+0.02,34,
106/05/22,106000,814160,7.63,7.75,7.63,7.73,+0.08,41,
106/05/23,68000,525050,7.75,7.75,7.68,7.71,-0.02,20,
106/05/24,336850,2662277,7.79,8.00,7.72,7.90,+0.19,112,
106/05/25,313000,2500250,7.90,8.05,7.90,8.00,+0.10,90,
106/05/26,239000,1911330,8.00,8.01,7.98,7.99,-0.01,39,
106/05/31,180000,1438980,8.00,8.00,7.92,8.00,+0.01,55,
106/04/05,289000,2398080,8.28,8.32,8.26,8.32,+0.04,91,
106/04/06,358000,2975090,8.32,8.32,8.30,8.31,-0.01,91,
106/04/07,399100,3320383,8.31,8.36,8.30,8.35,+0.04,122,
106/04/10,379000,3149620,8.35,8.35,8.28,8.30,-0.05,90,
106/04/11,325000,2705360,8.33,8.39,8.28,8.30,0.00,110,
106/04/12,330000,2717870,8.30,8.35,8.19,8.22,-0.08,105,
106/04/13,7858965,69914702,8.22,9.04,8.22,9.04,+0.82,1538,
106/04/14,3189065,27974330,8.86,8.97,8.53,8.54,-0.50,1032,
106/04/17,1245000,10641770,8.55,8.70,8.40,8.58,+0.04,296,
106/04/18,1179100,9977919,8.62,8.66,8.38,8.38,-0.20,328,
106/04/19,1482000,11933900,8.35,8.35,7.88,8.02,-0.36,431,
106/04/20,718400,5754392,7.95,8.15,7.95,7.98,-0.04,207,
106/04/21,329200,2652228,8.01,8.11,8.01,8.03,+0.05,74,
106/04/24,173000,1386960,8.09,8.09,8.00,8.01,-0.02,62,
106/04/25,340311,2744893,8.11,8.11,8.03,8.08,+0.07,59,
106/04/26,177000,1428120,8.10,8.10,8.05,8.06,-0.02,68,
106/04/27,306000,2452530,8.04,8.05,8.00,8.02,-0.04,90,
106/04/28,133000,1066710,8.02,8.08,8.00,8.02,0.00,48,
106/03/01,1550000,13007640,8.49,8.49,8.31,8.34,+0.16,324,
106/03/02,948246,8001336,8.45,8.52,8.38,8.41,+0.07,254,
106/03/03,565206,4747418,8.45,8.45,8.30,8.44,+0.03,140,
106/03/06,1807000,15534350,8.48,8.84,8.40,8.75,+0.31,436,
106/03/07,1477550,12853180,8.68,8.82,8.62,8.76,+0.01,378,
106/03/08,863506,7495492,8.75,8.76,8.64,8.70,-0.06,180,
106/03/09,1004151,8617126,8.76,8.84,8.48,8.60,-0.10,243,
106/03/10,607038,5068805,8.60,8.64,8.23,8.35,-0.25,203,
106/03/13,362000,3013190,8.30,8.47,8.27,8.31,-0.04,133,
106/03/14,552000,4578120,8.35,8.37,8.26,8.30,-0.01,120,
106/03/15,276000,2291070,8.24,8.34,8.24,8.30,0.00,71,
106/03/16,855000,7120410,8.35,8.48,8.28,8.33,+0.03,141,
106/03/17,432000,3599770,8.34,8.44,8.30,8.33,0.00,109,
106/03/20,548100,4554131,8.26,8.41,8.26,8.33,0.00,111,
106/03/21,299329,2480019,8.37,8.37,8.22,8.23,-0.10,85,
106/03/22,606000,4924240,8.20,8.23,8.06,8.15,-0.08,144,
106/03/23,500174,4090053,8.20,8.25,8.12,8.20,+0.05,128,
106/03/24,1133000,9476560,8.30,8.49,8.30,8.33,+0.13,272,
106/03/27,1063000,8920100,8.39,8.45,8.32,8.35,+0.02,255,
106/03/28,688146,5711807,8.35,8.48,8.19,8.21,-0.14,208,
106/03/29,509000,4206380,8.23,8.33,8.22,8.25,+0.04,128,
106/03/30,377798,3132821,8.28,8.35,8.25,8.35,+0.10,128,
106/03/31,399001,3320728,8.35,8.36,8.28,8.28,-0.07,104,
106/02/02,398909,2779843,6.83,7.06,6.82,7.02,+0.19,125,
106/02/03,385622,2704264,7.02,7.08,6.94,7.01,-0.01,95,
106/02/06,301000,2111780,7.01,7.09,6.99,7.00,-0.01,64,
106/02/07,179000,1253270,7.02,7.02,6.98,7.02,+0.02,37,
106/02/08,232000,1624870,7.09,7.09,6.98,6.99,-0.03,63,
106/02/09,298000,2079210,6.99,7.02,6.91,6.98,-0.01,50,
106/02/10,215016,1498110,6.96,7.02,6.92,6.94,-0.04,56,
106/02/13,98000,678990,6.95,6.99,6.87,6.92,-0.02,34,
106/02/14,441071,3101540,6.96,7.07,6.96,7.01,+0.09,100,
106/02/15,3007500,22368044,7.05,7.71,7.03,7.71,+0.70,580,
106/02/16,1994208,15280937,7.87,7.90,7.41,7.52,-0.19,504,
106/02/17,575207,4345432,7.57,7.62,7.51,7.58,+0.06,167,
106/02/18,529003,4053673,7.62,7.72,7.62,7.64,+0.06,162,
106/02/20,613432,4663625,7.69,7.70,7.43,7.59,-0.05,155,
106/02/21,712000,5450680,7.69,7.74,7.59,7.68,+0.09,186,
106/02/22,2304720,18786120,7.70,8.39,7.70,8.28,+0.60,784,
106/02/23,2431000,20504330,8.33,8.70,8.27,8.31,+0.03,753,
106/02/24,940000,7738740,8.31,8.32,8.13,8.18,-0.13,286,
106/01/03,370349,2529908,6.79,6.91,6.77,6.91,+0.15,93,
106/01/04,61000,419660,6.91,6.91,6.85,6.86,-0.05,24,
106/01/05,125000,851150,6.86,6.86,6.78,6.84,-0.02,28,
106/01/06,83000,563580,6.80,6.82,6.78,6.78,-0.06,29,
106/01/09,72000,490760,6.78,6.85,6.78,6.78,0.00,26,
106/01/10,331000,2190310,6.70,6.75,6.53,6.69,-0.09,103,
106/01/11,85000,568000,6.70,6.70,6.66,6.68,-0.01,31,
106/01/12,64000,429340,6.68,6.72,6.63,6.70,+0.02,26,
106/01/13,48103,320769,6.65,6.70,6.64,6.67,-0.03,16,
106/01/16,53000,351590,6.68,6.69,6.58,6.62,-0.05,28,
106/01/17,78000,521100,6.69,6.72,6.61,6.61,-0.01,31,
106/01/18,297000,2022600,6.69,6.90,6.69,6.86,+0.25,95,
106/01/19,70363,475632,6.86,6.86,6.70,6.79,-0.07,24,
106/01/20,187000,1251690,6.75,6.75,6.67,6.70,-0.09,34,
106/01/23,62000,418050,6.70,6.79,6.70,6.76,+0.06,24,
106/01/24,193000,1306720,6.75,6.83,6.74,6.83,+0.07,48,
105/12/01,333030,2286604,6.80,6.96,6.79,6.87,+0.08,83,
105/12/02,322000,2225480,6.87,6.95,6.84,6.95,+0.08,69,
105/12/05,277000,1928640,7.00,7.00,6.93,6.95,0.00,67,
105/12/06,661205,4781114,7.07,7.37,7.00,7.25,+0.30,232,
105/12/07,867488,6379959,7.25,7.44,7.25,7.30,+0.05,333,
105/12/08,429000,3102970,7.30,7.30,7.20,7.22,-0.08,124,
105/12/09,388000,2766420,7.21,7.21,7.08,7.11,-0.11,94,
105/12/12,267011,1908298,7.11,7.24,7.11,7.15,+0.04,79,
105/12/13,200518,1444469,7.28,7.28,7.15,7.22,+0.07,52,
105/12/14,200000,1430900,7.25,7.25,7.11,7.12,-0.10,52,
105/12/15,171000,1213520,7.12,7.12,7.07,7.11,-0.01,56,
105/12/16,195000,1384590,7.08,7.18,7.07,7.07,-0.04,46,
105/12/19,122000,859950,7.07,7.07,7.02,7.06,-0.01,33,
105/12/20,151000,1064960,7.08,7.14,7.00,7.05,-0.01,49,
105/12/21,152000,1065350,7.05,7.05,6.96,7.05,0.00,44,
105/12/22,48000,336000,7.00,7.00,7.00,7.00,-0.05,12,
105/12/23,176430,1212067,6.92,6.95,6.83,6.84,-0.16,42,
105/12/26,169040,1154422,6.82,6.87,6.78,6.84,0.00,56,
105/12/27,188099,1276047,6.86,6.86,6.72,6.78,-0.06,61,
105/12/28,187000,1261140,6.78,6.79,6.71,6.72,-0.06,48,
105/12/29,147000,986200,6.75,6.75,6.70,6.73,+0.01,38,
105/12/30,148000,997410,6.77,6.78,6.70,6.76,+0.03,39,
105/11/01,110000,701930,6.29,6.42,6.29,6.40,-0.02,33,
105/11/02,195000,1234890,6.42,6.42,6.30,6.35,-0.05,49,
105/11/03,139311,886019,6.35,6.42,6.30,6.33,-0.02,45,
105/11/04,69325,440367,6.32,6.38,6.32,6.34,+0.01,26,
105/11/07,1191000,7875880,6.36,6.74,6.36,6.52,+0.18,311,
105/11/08,561050,3694792,6.57,6.64,6.52,6.58,+0.06,139,
105/11/09,574196,3737595,6.60,6.68,6.39,6.45,-0.13,185,
105/11/10,1372461,9216423,6.60,6.83,6.56,6.72,+0.27,402,
105/11/11,1366349,9343123,6.75,6.95,6.70,6.76,+0.04,386,
105/11/14,526000,3524570,6.77,6.78,6.60,6.69,-0.07,164,
105/11/15,807000,5551860,6.76,7.06,6.73,6.85,+0.16,287,
105/11/16,809000,5582750,6.88,6.99,6.83,6.91,+0.06,151,
105/11/17,751000,5183070,7.01,7.01,6.80,6.90,-0.01,156,
105/11/18,320100,2208910,6.85,6.98,6.85,6.90,0.00,79,
105/11/21,288000,1968150,6.85,6.90,6.80,6.87,-0.03,89,
105/11/22,321100,2203390,6.96,6.96,6.83,6.86,-0.01,90,
105/11/23,759000,5292020,6.87,7.09,6.87,6.97,+0.11,222,
105/11/24,429558,2968094,6.99,6.99,6.82,6.82,-0.15,109,
105/11/25,276000,1890540,6.84,6.88,6.77,6.80,-0.02,57,
105/11/28,185658,1278101,6.80,6.97,6.80,6.82,+0.02,50,
105/11/29,127030,865864,6.80,6.85,6.80,6.83,+0.01,41,
105/11/30,129000,878020,6.79,6.85,6.79,6.79,-0.04,40,
105/10/03,149100,960847,6.41,6.48,6.40,6.44,0.00,58,
105/10/04,138000,882570,6.44,6.45,6.35,6.42,-0.02,50,
105/10/05,220000,1399290,6.40,6.40,6.33,6.36,-0.06,62,
105/10/06,256340,1624332,6.39,6.40,6.30,6.35,-0.01,60,
105/10/07,149001,937486,6.36,6.36,6.25,6.25,-0.10,46,
105/10/11,239010,1484252,6.23,6.26,6.13,6.22,-0.03,68,
105/10/12,120000,744860,6.20,6.27,6.17,6.27,+0.05,30,
105/10/13,113000,704030,6.23,6.27,6.22,6.27,0.00,21,
105/10/14,166000,1032040,6.22,6.25,6.20,6.21,-0.06,35,
105/10/17,55000,341860,6.28,6.28,6.17,6.17,-0.04,16,
105/10/18,37000,228810,6.20,6.20,6.17,6.20,+0.03,12,
105/10/19,84000,519170,6.18,6.19,6.18,6.19,-0.01,20,
105/10/20,181000,1134840,6.20,6.30,6.20,6.29,+0.10,67,
105/10/21,107000,671330,6.31,6.31,6.24,6.26,-0.03,39,
105/10/24,99000,621120,6.29,6.29,6.25,6.28,+0.02,29,
105/10/25,90000,565670,6.28,6.30,6.26,6.29,+0.01,26,
105/10/26,478000,3063640,6.32,6.50,6.32,6.46,+0.17,151,
105/10/27,256000,1652130,6.50,6.50,6.36,6.45,-0.01,76,
105/10/28,134000,853390,6.44,6.44,6.33,6.42,-0.03,34,
105/10/31,152000,971820,6.39,6.44,6.35,6.42,0.00,59,
105/09/01,43000,264100,6.14,6.15,6.14,6.14,-0.01,20,
105/09/02,102000,625840,6.15,6.18,6.12,6.15,+0.01,23,
105/09/05,23000,142060,6.16,6.22,6.16,6.16,+0.01,12,
105/09/06,133000,821590,6.18,6.22,6.16,6.18,+0.02,36,
105/09/07,271349,1683031,6.19,6.23,6.18,6.21,+0.03,61,
105/09/08,209100,1308020,6.20,6.29,6.20,6.27,+0.06,64,
105/09/09,184000,1150630,6.28,6.29,6.22,6.24,-0.03,46,
105/09/10,61000,377790,6.20,6.20,6.15,6.20,-0.04,28,
105/09/12,66000,408790,6.22,6.22,6.18,6.22,+0.02,28,
105/09/13,124299,770763,6.22,6.24,6.17,6.21,-0.01,38,
105/09/14,69000,425890,6.21,6.22,6.15,6.22,+0.01,25,
105/09/19,70000,435680,6.23,6.23,6.20,6.22,0.00,29,
105/09/20,124103,771408,6.17,6.22,6.17,6.18,-0.04,26,
105/09/21,205000,1272920,6.22,6.25,6.14,6.25,+0.07,78,
105/09/22,102000,636210,6.26,6.26,6.21,6.21,-0.04,34,
105/09/23,451000,2832580,6.23,6.35,6.22,6.29,+0.08,111,
105/09/26,1114100,7204342,6.31,6.65,6.28,6.46,+0.17,294,
105/09/29,426100,2759512,6.48,6.54,6.42,6.46,0.00,116,
105/09/30,259580,1674007,6.46,6.49,6.38,6.44,-0.02,72,
105/08/01,42000,257050,6.08,6.15,6.08,6.11,+0.03,16,
105/08/02,72000,440010,6.10,6.13,6.10,6.13,+0.02,14,
105/08/03,52000,318590,6.08,6.16,6.08,6.13,0.00,24,
105/08/04,944000,5997620,6.13,6.52,6.11,6.50,+0.37,210,
105/08/05,275000,1759730,6.50,6.50,6.35,6.38,-0.12,75,
105/08/08,149000,943640,6.35,6.38,6.29,6.29,-0.09,38,
105/08/09,306000,1927060,6.41,6.41,6.20,6.33,+0.04,73,
105/08/10,525000,3400860,6.36,6.63,6.36,6.58,+0.25,162,
105/08/11,389000,2536190,6.50,6.59,6.45,6.46,-0.12,109,
105/08/12,1045000,6417590,6.34,6.34,6.03,6.11,-0.35,271,
105/08/15,358000,2183120,6.13,6.15,6.07,6.09,-0.02,65,
105/08/16,167000,1019770,6.11,6.15,6.08,6.10,+0.01,36,
105/08/17,274293,1692796,6.15,6.22,6.12,6.14,+0.04,92,
105/08/18,606750,3804290,6.19,6.35,6.18,6.27,+0.13,138,
105/08/19,512500,3219209,6.29,6.34,6.21,6.21,-0.06,124,
105/08/22,168103,1040468,6.21,6.26,6.15,6.16,-0.05,52,
105/08/23,53000,326770,6.15,6.22,6.15,6.16,0.00,21,
105/08/24,93962,577126,6.18,6.18,6.11,6.15,-0.01,34,
105/08/25,41000,251470,6.12,6.16,6.12,6.13,-0.02,21,
105/08/26,34999,214823,6.14,6.16,6.13,6.16,+0.03,18,
105/08/29,87000,534220,6.16,6.16,6.11,6.14,-0.02,26,
105/08/30,62100,382070,6.17,6.17,6.15,6.15,+0.01,24,
105/08/31,95350,590995,6.30,6.30,6.15,6.15,0.00,25,
105/07/01,24000,143810,6.00,6.01,5.97,5.99,-0.01,11,
105/07/04,65000,392260,6.00,6.08,6.00,6.08,+0.09,24,
105/07/05,35000,212390,6.08,6.08,6.05,6.06,-0.02,16,
105/07/06,34001,204196,6.00,6.04,6.00,6.01,-0.05,16,
105/07/07,70000,423100,6.04,6.06,6.03,6.03,+0.02,19,
105/07/11,103000,621010,6.10,6.11,5.93,5.93,-0.10,24,
105/07/12,46000,275070,6.00,6.00,5.96,5.96,+0.03,15,
105/07/13,502055,3062534,6.06,6.22,5.98,6.19,+0.23,113,
105/07/14,676000,4234680,6.19,6.37,6.17,6.24,+0.05,146,
105/07/15,162000,1003120,6.24,6.24,6.15,6.20,-0.04,51,
105/07/18,87000,537110,6.20,6.21,6.15,6.19,-0.01,26,
105/07/19,118000,722800,6.16,6.16,6.09,6.15,-0.04,36,
105/07/20,75000,457600,6.10,6.13,6.09,6.13,-0.02,27,
105/07/21,140200,860622,6.16,6.18,6.10,6.15,+0.02,45,
105/07/22,39230,239756,6.10,6.14,6.10,6.14,-0.01,14,
105/07/25,59000,361140,6.14,6.14,6.09,6.12,-0.02,23,
105/07/26,28218,171941,6.03,6.15,6.01,6.11,-0.01,23,
105/07/27,63430,385500,6.09,6.13,6.04,6.07,-0.04,31,
105/07/28,36000,219490,6.13,6.13,6.07,6.07,0.00,21,
105/07/29,30000,182580,6.08,6.09,6.08,6.08,+0.01,8,
105/05/03,107000,653890,6.13,6.15,6.09,6.12,+0.03,26,
105/05/04,78558,480123,6.12,6.20,6.06,6.12,0.00,28,
105/05/05,177000,1081900,6.10,6.20,6.08,6.10,-0.02,32,
105/05/06,15000,91250,6.18,6.18,6.05,6.05,-0.05,9,
105/05/09,119000,723120,6.15,6.15,6.05,6.08,+0.03,28,
105/05/10,141000,848200,6.00,6.09,5.95,6.09,+0.01,33,
105/05/11,43092,259642,6.01,6.05,6.00,6.05,-0.04,16,
105/05/12,106000,636770,6.01,6.05,6.00,6.00,-0.05,19,
105/05/13,192000,1150340,6.05,6.05,5.90,5.95,-0.05,36,
105/05/16,59000,354690,6.05,6.05,6.00,6.04,+0.09,23,
105/05/17,23000,139040,6.03,6.17,6.03,6.17,+0.13,8,
105/05/18,151100,910600,5.90,6.06,5.90,6.04,-0.13,27,
105/05/19,44000,264560,6.08,6.08,5.98,6.00,-0.04,12,
105/05/20,73000,437210,5.99,6.00,5.88,6.00,0.00,21,
105/05/23,100463,602593,5.91,6.05,5.91,6.00,0.00,31,
105/05/24,59000,354100,6.05,6.05,6.00,6.00,0.00,11,
105/05/25,36463,217161,5.91,6.00,5.90,5.94,-0.06,13,
105/05/26,85000,509540,6.00,6.04,5.98,6.00,+0.06,21,
105/05/27,36000,216000,6.00,6.00,6.00,6.00,0.00,13,
105/05/30,37003,221638,5.92,6.05,5.91,6.00,0.00,16,
105/05/31,21000,126000,6.00,6.00,6.00,6.00,0.00,10,
105/04/01,90000,539340,5.93,6.05,5.90,6.00,+0.07,37,
105/04/06,96000,575570,6.00,6.03,5.92,6.00,0.00,26,
105/04/07,72000,437820,6.07,6.18,6.03,6.08,+0.08,27,
105/04/08,91000,553270,6.07,6.15,6.02,6.15,+0.07,24,
105/04/11,42533,256001,6.15,6.15,6.00,6.14,-0.01,17,
105/04/12,64000,396200,6.14,6.25,6.11,6.11,-0.03,29,
105/04/13,120000,748280,6.19,6.31,6.19,6.20,+0.09,42,
105/04/14,390000,2550640,6.29,6.65,6.29,6.55,+0.35,123,
105/04/15,133000,860950,6.60,6.60,6.34,6.45,-0.10,38,
105/04/18,198623,1309927,6.76,6.76,6.50,6.50,+0.05,62,
105/04/19,182000,1197670,6.51,6.63,6.51,6.55,+0.05,44,
105/04/20,139000,900450,6.55,6.58,6.40,6.45,-0.10,34,
105/04/21,143000,932530,6.47,6.62,6.45,6.60,+0.15,44,
105/04/22,151000,982450,6.48,6.57,6.42,6.43,-0.17,34,
105/04/25,80000,505810,6.31,6.40,6.30,6.32,-0.11,32,
105/04/26,111010,713304,6.32,6.45,6.32,6.42,+0.10,24,
105/04/27,58000,364060,6.40,6.40,6.14,6.14,-0.28,27,
105/04/28,90001,553606,6.16,6.21,6.11,6.14,0.00,40,
105/04/29,75000,458460,6.10,6.17,6.08,6.09,-0.05,27,
105/03/01,346000,2228480,6.40,6.58,6.35,6.35,0.00,99,
105/03/02,258000,1663150,6.47,6.55,6.38,6.40,+0.05,84,
105/03/03,456111,2991011,6.50,6.73,6.50,6.50,+0.10,143,
105/03/04,327018,2131694,6.59,6.59,6.44,6.48,-0.02,93,
105/03/07,570000,3801850,6.60,6.80,6.56,6.61,+0.13,143,
105/03/08,437000,2934120,6.77,6.85,6.62,6.65,+0.04,132,
105/03/09,366000,2372090,6.62,6.62,6.45,6.51,-0.14,89,
105/03/10,223000,1433780,6.53,6.53,6.40,6.44,-0.07,53,
105/03/11,290000,1874020,6.50,6.52,6.28,6.50,+0.06,75,
105/03/14,113001,738126,6.60,6.60,6.45,6.46,-0.04,42,
105/03/15,265002,1694853,6.45,6.52,6.26,6.51,+0.05,83,
105/03/16,222155,1437031,6.40,6.52,6.40,6.46,-0.05,58,
105/03/17,212000,1366770,6.58,6.58,6.31,6.31,-0.15,46,
105/03/18,91000,581550,6.57,6.57,6.34,6.40,+0.09,22,
105/03/21,80000,507790,6.43,6.44,6.32,6.35,-0.05,29,
105/03/22,138103,884368,6.42,6.45,6.35,6.35,0.00,37,
105/03/23,56000,356060,6.40,6.41,6.34,6.39,+0.04,17,
105/03/24,83000,520280,6.33,6.33,6.22,6.22,-0.17,28,
105/03/25,68000,420680,6.22,6.35,6.15,6.19,-0.03,32,
105/03/28,146000,878850,6.16,6.16,5.91,6.05,-0.14,36,
105/03/29,205000,1226150,6.06,6.10,5.90,6.03,-0.02,39,
105/03/30,52000,312630,6.09,6.09,6.00,6.05,+0.02,20,
105/03/31,36000,214710,5.97,6.00,5.93,5.93,-0.12,16,
105/02/01,132000,770910,5.92,5.92,5.80,5.87,+0.03,44,
105/02/02,198000,1163420,5.85,5.95,5.83,5.87,0.00,49,
105/02/03,40000,234480,5.85,5.87,5.85,5.85,-0.02,12,
105/02/15,141000,841530,6.05,6.05,5.82,5.98,+0.13,23,
105/02/16,225000,1357020,6.02,6.12,5.97,6.07,+0.09,59,
105/02/17,27000,161460,6.07,6.07,5.87,5.99,-0.08,11,
105/02/18,77305,460594,5.89,6.04,5.89,5.98,-0.01,28,
105/02/19,112000,666570,6.01,6.01,5.87,5.88,-0.10,34,
105/02/22,41389,246844,5.98,5.99,5.93,5.95,+0.07,23,
105/02/23,1454000,9367460,6.15,6.54,6.10,6.54,+0.59,377,
105/02/24,795000,5278980,6.70,6.78,6.53,6.53,-0.01,266,
105/02/25,414342,2645714,6.60,6.65,6.29,6.33,-0.20,136,
105/02/26,342000,2203300,6.35,6.57,6.35,6.35,+0.02,101,
105/01/04,90000,529970,5.99,5.99,5.75,5.94,+0.01,29,
105/01/05,95000,556480,5.80,5.96,5.80,5.83,-0.11,28,
105/01/06,41000,239770,5.83,5.90,5.80,5.84,+0.01,16,
105/01/07,63708,367205,5.70,5.84,5.60,5.84,0.00,29,
105/01/08,59300,348380,5.90,5.91,5.80,5.85,+0.01,24,
105/01/11,250000,1459600,5.90,5.90,5.71,5.79,-0.06,65,
105/01/12,82000,478040,5.79,5.90,5.57,5.79,0.00,18,
105/01/13,13000,75380,5.80,5.85,5.73,5.80,+0.01,6,
105/01/14,41311,235292,5.80,5.80,5.65,5.78,-0.02,15,
105/01/15,58000,334630,5.79,5.85,5.65,5.79,+0.01,18,
105/01/18,61100,348868,5.74,5.78,5.63,5.74,-0.05,33,
105/01/19,120132,693115,5.70,5.80,5.70,5.75,+0.01,22,
105/01/20,87000,505250,5.80,5.85,5.69,5.80,+0.05,35,
105/01/21,31000,180110,5.85,5.85,5.74,5.74,-0.06,10,
105/01/22,13000,75440,5.84,5.84,5.80,5.80,+0.06,5,
105/01/25,54000,313720,5.80,5.87,5.80,5.82,+0.02,7,
105/01/26,1000,5870,5.87,5.87,5.87,5.87,+0.05,1,
105/01/27,113500,660345,5.90,5.98,5.78,5.88,+0.01,19,
105/01/28,33000,192830,5.85,5.88,5.79,5.85,-0.03,24,
105/01/29,31207,180380,5.79,5.87,5.73,5.84,-0.01,15,
105/01/30,14000,81580,5.89,5.89,5.80,5.84,0.00,6,
104/12/01,119000,644080,5.40,5.47,5.36,5.47,-0.03,27,
104/12/02,60001,325335,5.49,5.50,5.41,5.41,-0.06,17,
104/12/03,87000,468140,5.31,5.45,5.31,5.41,0.00,22,
104/12/04,64103,346514,5.35,5.44,5.31,5.43,+0.02,20,
104/12/07,38000,206660,5.53,5.53,5.42,5.42,-0.01,11,
104/12/08,201000,1094550,5.44,5.48,5.38,5.42,0.00,38,
104/12/09,23000,123300,5.50,5.50,5.32,5.45,+0.03,7,
104/12/10,47000,247230,5.32,5.32,5.21,5.32,-0.13,21,
104/12/11,231000,1228570,5.32,5.40,5.25,5.40,+0.08,39,
104/12/14,165000,882750,5.24,5.42,5.24,5.31,-0.09,48,
104/12/15,8000,42820,5.40,5.40,5.31,5.38,+0.07,5,
104/12/16,85000,459250,5.38,5.60,5.38,5.60,+0.22,18,
104/12/17,43000,238120,5.59,5.59,5.50,5.50,-0.10,9,
104/12/18,16000,88000,5.50,5.58,5.48,5.50,0.00,10,
104/12/21,51000,283640,5.54,5.61,5.50,5.61,+0.11,17,
104/12/22,105000,585870,5.43,5.66,5.43,5.60,-0.01,25,
104/12/23,290000,1647640,5.53,5.89,5.50,5.64,+0.04,89,
104/12/24,212000,1254020,5.88,6.00,5.74,5.77,+0.13,83,
104/12/25,73000,416000,5.83,5.83,5.64,5.76,-0.01,26,
104/12/28,12000,68690,5.72,5.80,5.70,5.75,-0.01,6,
104/12/29,25000,140070,5.58,5.70,5.58,5.67,-0.08,16,
104/12/30,273207,1628225,6.05,6.05,5.85,5.89,+0.22,94,
104/12/31,147000,868190,5.90,5.99,5.86,5.93,+0.04,41,
104/11/02,26533,150529,5.65,5.70,5.65,5.67,+0.01,13,
104/11/03,49000,277530,5.67,5.77,5.60,5.70,+0.03,25,
104/11/04,122011,722253,5.75,6.01,5.74,5.87,+0.17,44,
104/11/05,37000,214860,5.93,5.93,5.78,5.83,-0.04,17,
104/11/06,37000,216100,5.81,5.86,5.80,5.80,-0.03,10,
104/11/09,20000,114230,5.70,5.77,5.70,5.77,-0.03,11,
104/11/10,17000,97740,5.70,5.76,5.70,5.76,-0.01,7,
104/11/11,32821,186727,5.76,5.79,5.63,5.63,-0.13,18,
104/11/12,30000,170850,5.70,5.74,5.62,5.65,+0.02,16,
104/11/13,25000,140650,5.61,5.70,5.61,5.66,+0.01,15,
104/11/16,18500,102140,5.56,5.61,5.50,5.53,-0.13,11,
104/11/17,23000,128270,5.63,5.63,5.54,5.59,+0.06,13,
104/11/18,158000,878680,5.66,5.66,5.46,5.60,+0.01,101,
104/11/19,58000,323530,5.57,5.70,5.52,5.60,0.00,37,
104/11/20,185000,1028880,5.47,5.66,5.45,5.66,+0.06,64,
104/11/23,19000,105840,5.66,5.66,5.52,5.63,-0.03,11,
104/11/24,84000,466500,5.56,5.62,5.55,5.62,-0.01,18,
104/11/25,15155,84538,5.52,5.66,5.52,5.63,+0.01,15,
104/11/26,138000,768800,5.60,5.65,5.55,5.60,-0.03,28,
104/11/27,16218,90096,5.65,5.65,5.52,5.52,-0.08,12,
104/11/30,32000,173450,5.40,5.50,5.39,5.50,-0.02,7,
104/10/01,5000,29100,5.85,5.85,5.80,5.80,+0.07,4,
104/10/02,10000,57470,5.80,5.80,5.71,5.79,-0.01,6,
104/10/05,200000,1150230,5.78,5.78,5.73,5.77,-0.02,22,
104/10/06,141000,804900,5.82,5.82,5.68,5.68,-0.09,29,
104/10/07,185000,1059400,5.75,5.79,5.68,5.75,+0.07,46,
104/10/08,103000,586170,5.70,5.77,5.67,5.74,-0.01,18,
104/10/12,285000,1650170,5.74,5.88,5.74,5.76,+0.02,100,
104/10/13,769500,4665355,5.80,6.28,5.80,6.10,+0.34,274,
104/10/14,278000,1689430,6.13,6.19,6.00,6.01,-0.09,89,
104/10/15,253000,1538940,5.90,6.14,5.90,6.00,-0.01,59,
104/10/16,148000,885080,6.01,6.06,5.91,6.06,+0.06,44,
104/10/19,171000,1022990,6.05,6.10,5.90,6.10,+0.04,48,
104/10/20,32000,193510,5.96,6.10,5.96,6.07,-0.03,19,
104/10/21,79000,472820,5.98,6.06,5.98,6.00,-0.07,8,
104/10/22,60000,360380,5.93,6.04,5.93,5.98,-0.02,24,
104/10/23,76000,456650,5.98,6.05,5.95,6.01,+0.03,28,
104/10/26,31000,186690,6.05,6.05,5.99,6.03,+0.02,12,
104/10/27,78000,461910,6.00,6.01,5.80,5.97,-0.06,24,
104/10/28,137000,804900,5.93,5.93,5.85,5.85,-0.12,28,
104/10/29,88000,508310,5.85,5.85,5.72,5.72,-0.13,28,
104/10/30,88000,494350,5.68,5.68,5.57,5.66,-0.06,42,
104/09/01,88200,478728,5.46,5.54,5.37,5.41,-0.13,29,
104/09/02,53000,287500,5.44,5.47,5.40,5.47,+0.06,24,
104/09/03,207000,1153210,5.50,5.61,5.41,5.50,+0.03,37,
104/09/04,42000,231380,5.60,5.60,5.48,5.54,+0.04,12,
104/09/07,37000,204480,5.50,5.59,5.46,5.56,+0.02,17,
104/09/08,266000,1465100,5.56,5.56,5.50,5.56,0.00,30,
104/09/09,196000,1105440,5.60,5.82,5.60,5.72,+0.16,27,
104/09/10,42000,236830,5.70,5.72,5.60,5.68,-0.04,20,
104/09/11,62000,349730,5.73,5.73,5.60,5.68,0.00,27,
104/09/14,131000,737680,5.72,5.72,5.60,5.69,+0.01,35,
104/09/15,23000,128850,5.62,5.65,5.54,5.65,-0.04,9,
104/09/16,38054,214735,5.66,5.67,5.60,5.67,+0.02,15,
104/09/17,87116,495109,5.67,5.70,5.64,5.70,+0.03,32,
104/09/18,40004,228102,5.70,5.71,5.70,5.70,0.00,17,
104/09/21,162002,918232,5.74,5.74,5.60,5.70,0.00,51,
104/09/22,59100,337410,5.70,5.74,5.70,5.74,+0.04,20,
104/09/23,91000,516770,5.66,5.72,5.66,5.72,-0.02,25,
104/09/24,96000,548190,5.80,5.80,5.65,5.70,-0.02,28,
104/09/25,40001,229285,5.68,5.75,5.68,5.75,+0.05,11,
104/09/30,316200,1796402,5.65,5.73,5.65,5.73,-0.02,27,
104/08/03,28000,160710,5.72,5.79,5.70,5.78,-0.06,13,
104/08/04,307398,1689888,5.78,5.78,5.30,5.75,-0.03,61,
104/08/05,192000,1090980,5.75,5.75,5.54,5.72,-0.03,25,
104/08/06,55000,308750,5.75,5.76,5.51,5.72,0.00,15,
104/08/07,78000,441390,5.72,5.72,5.51,5.70,-0.02,23,
104/08/10,25000,146040,5.85,5.85,5.80,5.84,+0.14,11,
104/08/11,65000,374380,5.87,5.93,5.71,5.80,-0.04,24,
104/08/12,309000,1698300,5.75,5.75,5.47,5.68,-0.12,21,
104/08/13,19000,107500,5.68,5.68,5.60,5.68,0.00,9,
104/08/14,25000,142190,5.68,5.83,5.60,5.69,+0.01,13,
104/08/17,55000,313030,5.69,5.71,5.62,5.70,+0.01,17,
104/08/18,58404,331553,5.80,5.80,5.60,5.66,-0.04,22,
104/08/19,560000,3083830,5.56,5.60,5.45,5.57,-0.09,38,
104/08/20,92000,516120,5.68,5.68,5.51,5.65,+0.08,26,
104/08/21,88000,497440,5.65,5.84,5.58,5.66,+0.01,20,
104/08/24,274000,1410700,5.65,5.65,5.10,5.17,-0.49,99,
104/08/25,77000,390580,4.86,5.17,4.86,5.17,0.00,45,
104/08/26,134000,683330,5.17,5.17,5.00,5.17,0.00,45,
104/08/27,148000,771440,5.17,5.34,5.07,5.27,+0.10,56,
104/08/28,69000,371510,5.34,5.45,5.32,5.44,+0.17,25,
104/08/31,42000,233140,5.60,5.60,5.46,5.54,+0.10,19,
104/07/01,36156,243795,6.80,6.80,6.67,6.78,+0.15,11,
104/07/02,41000,276290,6.78,6.78,6.70,6.72,-0.06,20,
104/07/03,39000,262200,6.72,6.78,6.71,6.71,-0.01,24,
104/07/06,136100,922516,6.67,6.80,6.67,6.70,-0.01,20,
104/07/07,49414,330763,6.83,6.83,6.65,6.75,+0.05,24,
104/07/08,161200,1059354,6.75,6.75,6.41,6.56,-0.19,53,
104/07/09,83329,537405,6.45,6.49,6.42,6.42,-0.14,38,
104/07/13,63000,403100,6.46,6.46,6.35,6.45,+0.03,19,
104/07/14,173330,1105438,6.45,6.45,6.32,6.42,-0.03,59,
104/07/15,104000,650000,6.42,6.42,6.21,6.28,-0.14,41,
104/07/16,58000,361300,6.28,6.30,6.20,6.28,0.00,23,
104/07/17,49150,306921,6.35,6.35,6.20,6.28,0.00,25,
104/07/20,32055,199375,6.25,6.25,6.20,6.22,-0.06,14,
104/07/21,58000,357540,6.20,6.24,6.10,6.24,+0.02,26,
104/07/22,49000,299980,6.32,6.32,6.06,6.20,-0.04,18,
104/07/23,74000,450100,6.07,6.20,6.06,6.16,-0.04,15,
104/07/24,55000,334590,6.16,6.17,6.02,6.11,-0.05,28,
104/07/27,123005,730589,6.19,6.19,5.76,5.90,-0.21,32,
104/07/28,112000,650800,5.90,6.04,5.70,5.83,-0.07,42,
104/07/29,111000,644160,5.82,5.84,5.73,5.83,0.00,32,
104/07/30,16000,93700,5.83,5.90,5.83,5.90,+0.07,10,
104/07/31,52000,300840,5.90,5.90,5.72,5.84,-0.06,21,
104/06/01,82000,604290,7.46,7.50,7.30,7.30,-0.12,25,
104/06/02,24477,179845,7.30,7.44,7.30,7.35,+0.05,12,
104/06/03,67000,487230,7.35,7.35,7.23,7.23,-0.12,34,
104/06/04,76132,549649,7.25,7.30,7.20,7.20,-0.03,44,
104/06/05,286003,2003470,7.20,7.25,6.85,6.90,-0.30,98,
104/06/08,61207,421357,7.00,7.00,6.86,6.86,-0.04,29,
104/06/09,202190,1361483,6.86,6.86,6.62,6.79,-0.07,49,
104/06/10,84330,567300,6.77,6.80,6.62,6.80,+0.01,27,
104/06/11,603000,4050320,6.80,6.95,6.63,6.75,-0.05,62,
104/06/12,239000,1618560,6.75,6.83,6.70,6.72,-0.03,37,
104/06/15,71000,472720,6.51,6.83,6.51,6.74,+0.02,35,
104/06/16,63200,429332,6.76,6.87,6.71,6.75,+0.01,45,
104/06/17,123000,816670,6.67,6.80,6.58,6.76,+0.01,58,
104/06/18,63000,418790,6.65,6.74,6.63,6.63,-0.13,31,
104/06/22,82000,546240,6.62,6.71,6.62,6.70,+0.07,32,
104/06/23,27000,180220,6.63,6.74,6.63,6.71,+0.01,16,
104/06/24,88000,587440,6.77,6.77,6.63,6.63,-0.08,27,
104/06/25,46800,311163,6.66,6.70,6.64,6.65,+0.02,19,
104/06/26,65000,434550,6.67,6.72,6.67,6.70,+0.05,32,
104/06/29,22000,146480,6.70,6.75,6.61,6.69,-0.01,17,
104/06/30,24000,159270,6.69,6.69,6.63,6.63,-0.06,9,
104/05/04,42201,330121,7.84,7.84,7.77,7.77,-0.07,21,
104/05/05,53000,412510,7.77,7.81,7.75,7.80,+0.03,21,
104/05/06,183170,1431500,7.75,7.87,7.75,7.82,+0.02,51,
104/05/07,128000,981610,7.75,7.88,7.56,7.69,-0.13,65,
104/05/08,51503,397656,7.72,7.75,7.69,7.75,+0.06,28,
104/05/11,72500,562910,7.80,7.81,7.63,7.81,+0.06,32,
104/05/12,55002,426955,7.80,7.82,7.62,7.80,-0.01,32,
104/05/13,120000,932380,7.80,7.80,7.70,7.78,-0.02,19,
104/05/14,83001,638107,7.66,7.79,7.65,7.76,-0.02,26,
104/05/15,260000,1964200,7.76,7.77,7.50,7.62,-0.14,66,
104/05/18,257000,1934740,7.57,7.62,7.49,7.56,-0.06,62,
104/05/19,138051,1035372,7.50,7.55,7.49,7.55,-0.01,36,
104/05/20,75000,563210,7.49,7.59,7.49,7.56,+0.01,31,
104/05/21,168000,1257700,7.50,7.56,7.40,7.40,-0.16,50,
104/05/22,489000,3541870,7.40,7.44,7.20,7.33,-0.07,117,
104/05/25,105000,761280,7.30,7.30,7.22,7.26,-0.07,47,
104/05/26,58000,418630,7.23,7.30,7.20,7.25,-0.01,28,
104/05/27,257000,1863410,7.25,7.29,7.25,7.25,0.00,19,
104/05/28,75038,544876,7.25,7.30,7.21,7.30,+0.05,26,
104/05/29,943000,6985610,7.30,7.60,7.25,7.42,+0.12,98,
104/04/01,59000,449400,7.70,7.77,7.53,7.53,-0.17,25,
104/04/02,145000,1120460,7.53,7.81,7.53,7.79,+0.26,61,
104/04/07,167001,1319197,8.21,8.21,7.70,7.71,-0.08,60,
104/04/08,1323707,10859054,8.20,8.24,7.85,8.24,+0.53,324,
104/04/09,194000,1572100,8.24,8.24,8.01,8.07,-0.17,82,
104/04/10,765293,6001600,8.07,8.19,7.61,7.90,-0.17,206,
104/04/13,64000,501950,7.86,7.92,7.77,7.89,-0.01,29,
104/04/14,43003,336433,7.90,7.90,7.80,7.82,-0.07,19,
104/04/15,100002,778014,7.72,7.90,7.72,7.82,0.00,36,
104/04/16,77311,602143,7.82,7.82,7.74,7.80,-0.02,29,
104/04/17,72000,560200,7.83,7.83,7.73,7.76,-0.04,46,
104/04/20,21002,162645,7.74,7.79,7.70,7.77,+0.01,12,
104/04/21,136000,1047540,7.74,7.75,7.65,7.72,-0.05,27,
104/04/22,89000,684900,7.67,7.73,7.66,7.72,0.00,28,
104/04/23,128038,983134,7.61,7.72,7.61,7.72,0.00,44,
104/04/24,98000,759340,7.70,7.85,7.70,7.79,+0.07,48,
104/04/27,95000,745290,7.79,7.88,7.78,7.85,+0.06,46,
104/04/28,69000,537890,7.85,7.85,7.75,7.75,-0.10,37,
104/04/29,91103,709983,7.83,7.85,7.74,7.83,+0.08,51,
104/04/30,155000,1211520,7.83,7.85,7.79,7.84,+0.01,52,
104/03/02,27000,218870,8.20,8.20,8.09,8.13,+0.03,11,
104/03/03,19000,153420,8.08,8.08,8.07,8.07,-0.06,9,
104/03/04,106000,846380,8.06,8.06,7.95,8.03,-0.04,35,
104/03/05,223000,1780150,7.95,8.01,7.89,7.95,-0.08,40,
104/03/06,72038,571854,8.05,8.05,7.91,7.96,+0.01,30,
104/03/09,48010,378189,7.95,7.95,7.84,7.89,-0.07,20,
104/03/10,537103,4212320,7.87,7.90,7.83,7.84,-0.05,42,
104/03/11,34240,268802,7.84,7.89,7.82,7.84,0.00,31,
104/03/12,125003,983183,7.84,7.99,7.82,7.99,+0.15,42,
104/03/13,80000,634190,7.99,7.99,7.89,7.90,-0.09,24,
104/03/16,34207,271964,7.98,7.99,7.89,7.90,0.00,13,
104/03/17,68001,538497,7.91,7.97,7.91,7.92,+0.02,18,
104/03/18,32000,254320,7.92,7.99,7.90,7.98,+0.06,19,
104/03/19,93080,739718,8.00,8.10,7.82,7.91,-0.07,39,
104/03/20,68020,534307,7.90,7.91,7.84,7.89,-0.02,21,
104/03/23,120000,945400,7.89,7.94,7.82,7.87,-0.02,36,
104/03/24,52000,408100,7.87,7.90,7.82,7.90,+0.03,21,
104/03/25,33014,260719,7.90,7.95,7.86,7.91,+0.01,16,
104/03/26,30207,239676,7.91,7.97,7.85,7.97,+0.06,16,
104/03/27,42080,333161,7.99,7.99,7.87,7.95,-0.02,29,
104/03/30,25000,197150,7.87,7.96,7.86,7.88,-0.07,19,
104/03/31,263000,2030010,7.95,7.95,7.70,7.70,-0.18,66,
104/02/02,7000,56940,8.17,8.17,8.10,8.17,0.00,6,
104/02/03,12831,104644,8.17,8.22,8.12,8.22,+0.05,12,
104/02/04,46000,375480,8.13,8.19,8.13,8.15,-0.07,18,
104/02/05,28000,226780,8.07,8.19,8.07,8.15,0.00,19,
104/02/06,23000,187120,8.12,8.14,8.12,8.14,-0.01,10,
104/02/09,19000,152520,8.06,8.07,8.00,8.07,-0.07,10,
104/02/10,122000,981490,8.24,8.24,8.02,8.11,+0.04,41,
104/02/11,23207,187506,8.10,8.11,8.05,8.05,-0.06,16,
104/02/12,18000,145000,8.01,8.12,8.01,8.10,+0.05,12,
104/02/13,36000,293500,8.03,8.17,8.03,8.15,+0.05,18,
104/02/24,268300,2160930,8.06,8.19,8.00,8.19,+0.04,45,
104/02/25,28518,231875,8.19,8.19,8.08,8.15,-0.04,21,
104/02/26,11000,89270,8.13,8.14,8.10,8.10,-0.05,7,
104/01/05,111000,913260,8.24,8.26,8.20,8.22,-0.08,35,
104/01/06,112000,917240,8.17,8.23,8.14,8.22,0.00,31,
104/01/07,125240,1030016,8.21,8.36,8.17,8.24,+0.02,42,
104/01/08,188000,1552050,8.27,8.30,8.22,8.22,-0.02,45,
104/01/09,52000,427880,8.30,8.30,8.21,8.22,0.00,18,
104/01/12,175000,1437030,8.20,8.26,8.20,8.22,0.00,29,
104/01/13,180000,1506550,8.24,8.45,8.24,8.30,+0.08,34,
104/01/14,227000,1857520,8.32,8.32,8.15,8.25,-0.05,48,
104/01/15,19110,156199,8.27,8.27,8.16,8.17,-0.08,15,
104/01/16,202000,1638540,8.15,8.19,8.06,8.06,-0.11,73,
104/01/19,109000,878860,8.06,8.11,8.02,8.02,-0.04,30,
104/01/20,46000,372100,8.03,8.11,8.03,8.11,+0.09,19,
104/01/21,58001,468238,8.06,8.15,8.05,8.14,+0.03,28,
104/01/22,149000,1214680,8.14,8.24,8.05,8.24,+0.10,50,
104/01/23,57000,468480,8.23,8.25,8.20,8.25,+0.01,14,
104/01/26,15000,122520,8.20,8.24,8.12,8.12,-0.13,8,
104/01/27,86100,699483,8.13,8.19,8.10,8.19,+0.07,18,
104/01/28,10000,81570,8.12,8.23,8.12,8.23,+0.04,5,
104/01/29,14000,115010,8.29,8.29,8.15,8.22,-0.01,12,
104/01/30,16000,131150,8.22,8.22,8.15,8.17,-0.05,6,
